| Nr. | VB | Xbest |
| 0 | -0,842041403554064 | 0,0183059970390129 |
 | 1 | -0,203807937777419 | 0,0183059970390129 |
 | 2 | 0,584358650675342 | 0,584358650675342 |
 | 3 | -0,100121083831356 | 0,584358650675342 |
 | 4 | 0,0518746020113029 | 0,584358650675342 |
 | 5 | 0,0481750283346087 | 0,584358650675342 |
 | 6 | 0,163776795224957 | 0,584358650675342 |
 | 7 | 0,970524540507166 | 0,970524540507166 |
 | 8 | 0,606818276142189 | 0,970524540507166 |
 | 9 | 0,265124939811062 | 0,970524540507166 |
 | 10 | 0,155476233875079 | 0,970524540507166 |
 | 11 | -0,0379850359463578 | 0,970524540507166 |
 | 12 | -0,594417448279703 | 0,970524540507166 |
 | 13 | -0,420143899410621 | 0,970524540507166 |
 | 14 | -0,928535606041759 | 0,970524540507166 |
 | 15 | -0,266949325720403 | 0,970524540507166 |
 | 16 | 0,316235084974384 | 0,970524540507166 |
 | 17 | 0,165761015351083 | 0,970524540507166 |
 | 18 | -0,661799008086159 | 0,970524540507166 |
 | 19 | 0,00760294179493623 | 0,970524540507166 |
 | 20 | -0,444176917761453 | 0,970524540507166 |
 | 21 | -0,922037354521955 | 0,970524540507166 |
 | 22 | -0,0933277881866181 | 0,970524540507166 |
 | 23 | 0,324075937641502 | 0,970524540507166 |
 | 24 | -0,0179517055326777 | 0,970524540507166 |
 | 25 | -0,386135564274774 | 0,970524540507166 |
 | 26 | -0,0144735942709861 | 0,970524540507166 |
 | 27 | 1,09191065341909 | 1,09191065341909 |
 | 28 | -0,238839055257486 | 1,09191065341909 |
 | 29 | -0,998747493302027 | 1,09191065341909 |
 | 30 | -1,05212014330818 | 1,09191065341909 |
 | 31 | -0,237868499002643 | 1,09191065341909 |
 | 32 | 0,113917796170478 | 1,09191065341909 |
 | 33 | 1,38539354186089 | 1,38539354186089 |
 | 34 | -0,254131892146509 | 1,38539354186089 |
 | 35 | -0,104228409992991 | 1,38539354186089 |
 | 36 | -0,315231755570124 | 1,38539354186089 |
 | 37 | 0,131795748344407 | 1,38539354186089 |
 | 38 | -0,722971961354171 | 1,38539354186089 |
 | 39 | 0,0723730601527329 | 1,38539354186089 |
 | 40 | 0,660255960157813 | 1,38539354186089 |
 | 41 | 0,314784302459544 | 1,38539354186089 |
 | 42 | -0,102385469813536 | 1,38539354186089 |
 | 43 | 0,0326289004878232 | 1,38539354186089 |
 | 44 | -0,843709985320148 | 1,38539354186089 |
 | 45 | 0,109623638355224 | 1,38539354186089 |
 | 46 | 1,04905737133841 | 1,38539354186089 |
 | 47 | -0,512986314463442 | 1,38539354186089 |
 | 48 | -0,0139463102437318 | 1,38539354186089 |
 | 49 | -0,00583160188277079 | 1,38539354186089 |
 | 50 | 0,0592737677829133 | 1,38539354186089 |
 | 51 | 0,62981773838515 | 1,38539354186089 |
 | 52 | -1,78086640505227 | 1,38539354186089 |
 | 53 | 0,376631965906356 | 1,38539354186089 |
 | 54 | -0,257841475078099 | 1,38539354186089 |
 | 55 | -0,414860927408389 | 1,38539354186089 |
 | 56 | -0,215326427722284 | 1,38539354186089 |
 | 57 | 0,0387973524214909 | 1,38539354186089 |
 | 58 | 1,27500759829996 | 1,38539354186089 |
 | 59 | 0,275022755225975 | 1,38539354186089 |
 | 60 | -1,02772438436838 | 1,38539354186089 |
 | 61 | -0,540887983172553 | 1,38539354186089 |
 | 62 | -0,663000913877903 | 1,38539354186089 |
 | 63 | -0,309870951278429 | 1,38539354186089 |
 | 64 | 0,0106690564441047 | 1,38539354186089 |
 | 65 | 0,758143122053074 | 1,38539354186089 |
 | 66 | -0,739994629001439 | 1,38539354186089 |
 | 67 | 1,76305480745551 | 1,76305480745551 |
 | 68 | -0,327408764936052 | 1,76305480745551 |
 | 69 | -0,0487159027901591 | 1,76305480745551 |
 | 70 | -0,103775355403526 | 1,76305480745551 |
 | 71 | -0,021176071707507 | 1,76305480745551 |
 | 72 | -0,493762976820642 | 1,76305480745551 |
 | 73 | -0,0173267842754362 | 1,76305480745551 |
 | 74 | 0,46793672846843 | 1,76305480745551 |
 | 75 | 1,35671401461222 | 1,76305480745551 |
 | 76 | -0,184743620876639 | 1,76305480745551 |
 | 77 | 0,301861438231637 | 1,76305480745551 |
 | 78 | 0,136088870025091 | 1,76305480745551 |
 | 79 | -0,14451942469124 | 1,76305480745551 |
 | 80 | -0,0648455756128723 | 1,76305480745551 |
 | 81 | -0,28880142967244 | 1,76305480745551 |
 | 82 | -1,35294734723868 | 1,76305480745551 |
 | 83 | -0,262248915465072 | 1,76305480745551 |
 | 84 | -0,313500234748038 | 1,76305480745551 |
 | 85 | -0,743057625369928 | 1,76305480745551 |
 | 86 | -0,306841990857031 | 1,76305480745551 |
 | 87 | -0,179886954250553 | 1,76305480745551 |
 | 88 | 0,0469373765812951 | 1,76305480745551 |
 | 89 | -0,796451364363954 | 1,76305480745551 |
 | 90 | -1,32810476817577 | 1,76305480745551 |
 | 91 | 0,145082088031417 | 1,76305480745551 |
 | 92 | -0,00411290873596466 | 1,76305480745551 |
 | 93 | 0,0820947115778628 | 1,76305480745551 |
 | 94 | 0,0227165744503234 | 1,76305480745551 |
 | 95 | 1,4022890986647 | 1,76305480745551 |
 | 96 | -0,268133652842754 | 1,76305480745551 |
 | 97 | 0,0188955193133696 | 1,76305480745551 |
 | 98 | 0,028529402012434 | 1,76305480745551 |
 | 99 | -0,38108969231885 | 1,76305480745551 |
 | 100 | -0,0169293943330571 | 1,76305480745551 |
 | 101 | -0,0446967760112355 | 1,76305480745551 |
 | 102 | 0,376631965906356 | 1,76305480745551 |
 | 103 | -0,257841475078099 | 1,76305480745551 |
 | 104 | -0,414860927408389 | 1,76305480745551 |
 | 105 | -0,215326427722284 | 1,76305480745551 |
 | 106 | 0,0387973524214909 | 1,76305480745551 |
 | 107 | 1,27500759829996 | 1,76305480745551 |
 | 108 | 0,275022755225975 | 1,76305480745551 |
 | 109 | -1,02772438436838 | 1,76305480745551 |
 | 110 | -0,540887983172553 | 1,76305480745551 |
 | 111 | -0,663000913877903 | 1,76305480745551 |
 | 112 | -0,309870951278429 | 1,76305480745551 |
 | 113 | 0,0106690564441047 | 1,76305480745551 |
 | 114 | 0,758143122053074 | 1,76305480745551 |
 | 115 | -0,739994629001439 | 1,76305480745551 |
 | 116 | 1,76305480745551 | 1,76305480745551 |
 | 117 | -0,327408764936052 | 1,76305480745551 |
 | 118 | -0,0487159027901591 | 1,76305480745551 |
 | 119 | -0,103775355403526 | 1,76305480745551 |
 | 120 | -0,021176071707507 | 1,76305480745551 |
 | 121 | -0,493762976820642 | 1,76305480745551 |
 | 122 | -0,0173267842754362 | 1,76305480745551 |
 | 123 | 0,46793672846843 | 1,76305480745551 |
 | 124 | 1,35671401461222 | 1,76305480745551 |
 | 125 | -0,184743620876639 | 1,76305480745551 |
 | 126 | 0,301861438231637 | 1,76305480745551 |
 | 127 | 0,136088870025091 | 1,76305480745551 |
 | 128 | -0,14451942469124 | 1,76305480745551 |
 | 129 | -0,0648455756128723 | 1,76305480745551 |
 | 130 | -0,28880142967244 | 1,76305480745551 |
 | 131 | -1,35294734723868 | 1,76305480745551 |
 | 132 | -0,262248915465072 | 1,76305480745551 |
 | 133 | -0,313500234748038 | 1,76305480745551 |
 | 134 | -0,743057625369928 | 1,76305480745551 |
 | 135 | -0,306841990857031 | 1,76305480745551 |
 | 136 | -0,179886954250553 | 1,76305480745551 |
 | 137 | 0,0469373765812951 | 1,76305480745551 |
 | 138 | -0,796451364363954 | 1,76305480745551 |
 | 139 | -1,32810476817577 | 1,76305480745551 |
 | 140 | 0,145082088031417 | 1,76305480745551 |
 | 141 | -0,00411290873596466 | 1,76305480745551 |
 | 142 | 0,0820947115778628 | 1,76305480745551 |
 | 143 | 0,0227165744503234 | 1,76305480745551 |
 | 144 | 1,4022890986647 | 1,76305480745551 |
 | 145 | -0,268133652842754 | 1,76305480745551 |
 | 146 | 0,0188955193133696 | 1,76305480745551 |
 | 147 | 0,028529402012434 | 1,76305480745551 |
 | 148 | -0,38108969231885 | 1,76305480745551 |
 | 149 | -0,0169293943330571 | 1,76305480745551 |
 | 150 | -0,0446967760112355 | 1,76305480745551 |
 | 151 | 0,376631965906356 | 1,76305480745551 |
 | 152 | -0,257841475078099 | 1,76305480745551 |
 | 153 | -0,414860927408389 | 1,76305480745551 |
 | 154 | -0,215326427722284 | 1,76305480745551 |
 | 155 | 0,0387973524214909 | 1,76305480745551 |
 | 156 | 1,27500759829996 | 1,76305480745551 |
 | 157 | 0,275022755225975 | 1,76305480745551 |
 | 158 | -1,02772438436838 | 1,76305480745551 |
 | 159 | -0,540887983172553 | 1,76305480745551 |
 | 160 | -0,663000913877903 | 1,76305480745551 |
 | 161 | -0,309870951278429 | 1,76305480745551 |
 | 162 | 0,0106690564441047 | 1,76305480745551 |
 | 163 | 0,758143122053074 | 1,76305480745551 |
 | 164 | -0,739994629001439 | 1,76305480745551 |
 | 165 | 1,76305480745551 | 1,76305480745551 |
 | 166 | -0,327408764936052 | 1,76305480745551 |
 | 167 | -0,0487159027901591 | 1,76305480745551 |
 | 168 | -0,103775355403526 | 1,76305480745551 |
 | 169 | -0,021176071707507 | 1,76305480745551 |
 | 170 | -0,493762976820642 | 1,76305480745551 |
 | 171 | -0,0173267842754362 | 1,76305480745551 |
 | 172 | 0,46793672846843 | 1,76305480745551 |
 | 173 | 1,35671401461222 | 1,76305480745551 |
 | 174 | -0,184743620876639 | 1,76305480745551 |
 | 175 | 0,301861438231637 | 1,76305480745551 |
 | 176 | 0,136088870025091 | 1,76305480745551 |
 | 177 | -0,14451942469124 | 1,76305480745551 |
 | 178 | -0,0648455756128723 | 1,76305480745551 |
 | 179 | -0,28880142967244 | 1,76305480745551 |
 | 180 | -1,35294734723868 | 1,76305480745551 |
 | 181 | -0,262248915465072 | 1,76305480745551 |
 | 182 | -0,313500234748038 | 1,76305480745551 |
 | 183 | -0,743057625369928 | 1,76305480745551 |
 | 184 | -0,306841990857031 | 1,76305480745551 |
 | 185 | -0,179886954250553 | 1,76305480745551 |
 | 186 | 0,0469373765812951 | 1,76305480745551 |
 | 187 | -0,796451364363954 | 1,76305480745551 |
 | 188 | -1,32810476817577 | 1,76305480745551 |
 | 189 | 0,145082088031417 | 1,76305480745551 |
 | 190 | -0,00411290873596466 | 1,76305480745551 |
 | 191 | 0,0820947115778628 | 1,76305480745551 |
 | 192 | 0,0227165744503234 | 1,76305480745551 |
 | 193 | 1,4022890986647 | 1,76305480745551 |
 | 194 | -0,268133652842754 | 1,76305480745551 |
 | 195 | 0,0188955193133696 | 1,76305480745551 |
 | 196 | 0,028529402012434 | 1,76305480745551 |
 | 197 | -0,38108969231885 | 1,76305480745551 |
 | 198 | -0,0169293943330571 | 1,76305480745551 |
 | 199 | -0,0446967760112355 | 1,76305480745551 |
 | 200 | 0,376631965906356 | 1,76305480745551 |
 | 201 | -0,257841475078099 | 1,76305480745551 |
 | 202 | -0,414860927408389 | 1,76305480745551 |
 | 203 | -0,215326427722284 | 1,76305480745551 |
 | 204 | 0,0387973524214909 | 1,76305480745551 |
 | 205 | 1,27500759829996 | 1,76305480745551 |
 | 206 | 0,275022755225975 | 1,76305480745551 |
 | 207 | -1,02772438436838 | 1,76305480745551 |
 | 208 | -0,540887983172553 | 1,76305480745551 |
 | 209 | -0,663000913877903 | 1,76305480745551 |
 | 210 | -0,309870951278429 | 1,76305480745551 |
 | 211 | 0,0106690564441047 | 1,76305480745551 |
 | 212 | 0,758143122053074 | 1,76305480745551 |
 | 213 | -0,739994629001439 | 1,76305480745551 |
 | 214 | 1,76305480745551 | 1,76305480745551 |
 | 215 | -0,327408764936052 | 1,76305480745551 |
 | 216 | -0,0487159027901591 | 1,76305480745551 |
 | 217 | -0,103775355403526 | 1,76305480745551 |
 | 218 | -0,021176071707507 | 1,76305480745551 |
 | 219 | -0,493762976820642 | 1,76305480745551 |
 | 220 | -0,0173267842754362 | 1,76305480745551 |
 | 221 | 0,46793672846843 | 1,76305480745551 |
 | 222 | 1,35671401461222 | 1,76305480745551 |
 | 223 | -0,184743620876639 | 1,76305480745551 |
 | 224 | 0,301861438231637 | 1,76305480745551 |
 | 225 | 0,136088870025091 | 1,76305480745551 |
 | 226 | -0,14451942469124 | 1,76305480745551 |
 | 227 | -0,0648455756128723 | 1,76305480745551 |
 | 228 | -0,28880142967244 | 1,76305480745551 |
 | 229 | -1,35294734723868 | 1,76305480745551 |
 | 230 | -0,262248915465072 | 1,76305480745551 |
 | 231 | -0,313500234748038 | 1,76305480745551 |
 | 232 | -0,743057625369928 | 1,76305480745551 |
 | 233 | -0,306841990857031 | 1,76305480745551 |
 | 234 | -0,179886954250553 | 1,76305480745551 |
 | 235 | 0,0469373765812951 | 1,76305480745551 |
 | 236 | -0,796451364363954 | 1,76305480745551 |
 | 237 | -1,32810476817577 | 1,76305480745551 |
 | 238 | 0,145082088031417 | 1,76305480745551 |
 | 239 | -0,00411290873596466 | 1,76305480745551 |
 | 240 | 0,0820947115778628 | 1,76305480745551 |
 | 241 | 0,0227165744503234 | 1,76305480745551 |
 | 242 | 1,4022890986647 | 1,76305480745551 |
 | 243 | -0,268133652842754 | 1,76305480745551 |
 | 244 | 0,0188955193133696 | 1,76305480745551 |
 | 245 | 0,028529402012434 | 1,76305480745551 |
 | 246 | -0,38108969231885 | 1,76305480745551 |
 | 247 | -0,0169293943330571 | 1,76305480745551 |
 | 248 | -0,0446967760112355 | 1,76305480745551 |
 | 249 | 0,376631965906356 | 1,76305480745551 |
 | 250 | -0,257841475078099 | 1,76305480745551 |
 | 251 | -0,414860927408389 | 1,76305480745551 |
 | 252 | -0,215326427722284 | 1,76305480745551 |
 | 253 | 0,0387973524214909 | 1,76305480745551 |
 | 254 | 1,27500759829996 | 1,76305480745551 |
 | 255 | 0,275022755225975 | 1,76305480745551 |
 | 256 | -1,02772438436838 | 1,76305480745551 |
 | 257 | -0,540887983172553 | 1,76305480745551 |
 | 258 | -0,663000913877903 | 1,76305480745551 |
 | 259 | -0,309870951278429 | 1,76305480745551 |
 | 260 | 0,0106690564441047 | 1,76305480745551 |
 | 261 | 0,758143122053074 | 1,76305480745551 |
 | 262 | -0,739994629001439 | 1,76305480745551 |
 | 263 | 1,76305480745551 | 1,76305480745551 |
 | 264 | -0,327408764936052 | 1,76305480745551 |
 | 265 | -0,0487159027901591 | 1,76305480745551 |
 | 266 | -0,103775355403526 | 1,76305480745551 |
 | 267 | -0,021176071707507 | 1,76305480745551 |
 | 268 | -0,493762976820642 | 1,76305480745551 |
 | 269 | -0,0173267842754362 | 1,76305480745551 |
 | 270 | 0,46793672846843 | 1,76305480745551 |
 | 271 | 1,35671401461222 | 1,76305480745551 |
 | 272 | -0,184743620876639 | 1,76305480745551 |
 | 273 | 0,301861438231637 | 1,76305480745551 |
 | 274 | 0,136088870025091 | 1,76305480745551 |
 | 275 | -0,14451942469124 | 1,76305480745551 |
 | 276 | -0,0648455756128723 | 1,76305480745551 |
 | 277 | -0,28880142967244 | 1,76305480745551 |
 | 278 | -1,35294734723868 | 1,76305480745551 |
 | 279 | -0,262248915465072 | 1,76305480745551 |
 | 280 | -0,313500234748038 | 1,76305480745551 |
 | 281 | -0,743057625369928 | 1,76305480745551 |
 | 282 | -0,306841990857031 | 1,76305480745551 |
 | 283 | -0,179886954250553 | 1,76305480745551 |
 | 284 | 0,0469373765812951 | 1,76305480745551 |
 | 285 | -0,796451364363954 | 1,76305480745551 |
 | 286 | -1,32810476817577 | 1,76305480745551 |
 | 287 | 0,145082088031417 | 1,76305480745551 |
 | 288 | -0,00411290873596466 | 1,76305480745551 |
 | 289 | 0,0820947115778628 | 1,76305480745551 |
 | 290 | 0,0227165744503234 | 1,76305480745551 |
 | 291 | 1,4022890986647 | 1,76305480745551 |
 | 292 | -0,268133652842754 | 1,76305480745551 |
 | 293 | 0,0188955193133696 | 1,76305480745551 |
 | 294 | 0,028529402012434 | 1,76305480745551 |
 | 295 | -0,38108969231885 | 1,76305480745551 |
 | 296 | -0,0169293943330571 | 1,76305480745551 |
 | 297 | -0,0446967760112355 | 1,76305480745551 |
 | 298 | 0,376631965906356 | 1,76305480745551 |
 | 299 | -0,257841475078099 | 1,76305480745551 |
 | 300 | -0,414860927408389 | 1,76305480745551 |
 | 301 | -0,215326427722284 | 1,76305480745551 |
 | 302 | 0,0387973524214909 | 1,76305480745551 |
 | 303 | 1,27500759829996 | 1,76305480745551 |
 | 304 | 0,275022755225975 | 1,76305480745551 |
 | 305 | -1,02772438436838 | 1,76305480745551 |
 | 306 | -0,540887983172553 | 1,76305480745551 |
 | 307 | -0,663000913877903 | 1,76305480745551 |
 | 308 | -0,309870951278429 | 1,76305480745551 |
 | 309 | 0,0106690564441047 | 1,76305480745551 |
 | 310 | 0,758143122053074 | 1,76305480745551 |
 | 311 | -0,739994629001439 | 1,76305480745551 |
 | 312 | 1,76305480745551 | 1,76305480745551 |
 | 313 | -0,327408764936052 | 1,76305480745551 |
 | 314 | -0,0487159027901591 | 1,76305480745551 |
 | 315 | -0,103775355403526 | 1,76305480745551 |
 | 316 | -0,021176071707507 | 1,76305480745551 |
 | 317 | -0,493762976820642 | 1,76305480745551 |
 | 318 | -0,0173267842754362 | 1,76305480745551 |
 | 319 | 0,46793672846843 | 1,76305480745551 |
 | 320 | 1,35671401461222 | 1,76305480745551 |
 | 321 | -0,184743620876639 | 1,76305480745551 |
 | 322 | 0,301861438231637 | 1,76305480745551 |
 | 323 | 0,136088870025091 | 1,76305480745551 |
 | 324 | -0,14451942469124 | 1,76305480745551 |
 | 325 | -0,0648455756128723 | 1,76305480745551 |
 | 326 | -0,28880142967244 | 1,76305480745551 |
 | 327 | -1,35294734723868 | 1,76305480745551 |
 | 328 | -0,262248915465072 | 1,76305480745551 |
 | 329 | -0,313500234748038 | 1,76305480745551 |
 | 330 | -0,743057625369928 | 1,76305480745551 |
 | 331 | -0,306841990857031 | 1,76305480745551 |
 | 332 | -0,179886954250553 | 1,76305480745551 |
 | 333 | 0,0469373765812951 | 1,76305480745551 |
 | 334 | -0,796451364363954 | 1,76305480745551 |
 | 335 | -1,32810476817577 | 1,76305480745551 |
 | 336 | 0,145082088031417 | 1,76305480745551 |
 | 337 | -0,00411290873596466 | 1,76305480745551 |
 | 338 | 0,0820947115778628 | 1,76305480745551 |
 | 339 | 0,0227165744503234 | 1,76305480745551 |
 | 340 | 1,4022890986647 | 1,76305480745551 |
 | 341 | -0,268133652842754 | 1,76305480745551 |
 | 342 | 0,0188955193133696 | 1,76305480745551 |
 | 343 | 0,028529402012434 | 1,76305480745551 |
 | 344 | -0,38108969231885 | 1,76305480745551 |
 | 345 | -0,0169293943330571 | 1,76305480745551 |
 | 346 | -0,0446967760112355 | 1,76305480745551 |
 | 347 | 0,376631965906356 | 1,76305480745551 |
 | 348 | -0,257841475078099 | 1,76305480745551 |
 | 349 | -0,414860927408389 | 1,76305480745551 |
 | 350 | -0,215326427722284 | 1,76305480745551 |
 | 351 | 0,0387973524214909 | 1,76305480745551 |
 | 352 | 1,27500759829996 | 1,76305480745551 |
 | 353 | 0,275022755225975 | 1,76305480745551 |
 | 354 | -1,02772438436838 | 1,76305480745551 |
 | 355 | -0,540887983172553 | 1,76305480745551 |
 | 356 | -0,663000913877903 | 1,76305480745551 |
 | 357 | -0,309870951278429 | 1,76305480745551 |
 | 358 | 0,0106690564441047 | 1,76305480745551 |
 | 359 | 0,758143122053074 | 1,76305480745551 |
 | 360 | -0,739994629001439 | 1,76305480745551 |
 | 361 | 1,76305480745551 | 1,76305480745551 |
 | 362 | -0,327408764936052 | 1,76305480745551 |
 | 363 | -0,0487159027901591 | 1,76305480745551 |
 | 364 | -0,103775355403526 | 1,76305480745551 |
 | 365 | -0,021176071707507 | 1,76305480745551 |
 | 366 | -0,493762976820642 | 1,76305480745551 |
 | 367 | -0,0173267842754362 | 1,76305480745551 |
 | 368 | 0,46793672846843 | 1,76305480745551 |
 | 369 | 1,35671401461222 | 1,76305480745551 |
 | 370 | -0,184743620876639 | 1,76305480745551 |
 | 371 | 0,301861438231637 | 1,76305480745551 |
 | 372 | 0,136088870025091 | 1,76305480745551 |
 | 373 | -0,14451942469124 | 1,76305480745551 |
 | 374 | -0,0648455756128723 | 1,76305480745551 |
 | 375 | -0,28880142967244 | 1,76305480745551 |
 | 376 | -1,35294734723868 | 1,76305480745551 |
 | 377 | -0,262248915465072 | 1,76305480745551 |
 | 378 | -0,313500234748038 | 1,76305480745551 |
 | 379 | -0,743057625369928 | 1,76305480745551 |
 | 380 | -0,306841990857031 | 1,76305480745551 |
 | 381 | -0,179886954250553 | 1,76305480745551 |
 | 382 | 0,0469373765812951 | 1,76305480745551 |
 | 383 | -0,796451364363954 | 1,76305480745551 |
 | 384 | -1,32810476817577 | 1,76305480745551 |
 | 385 | 0,145082088031417 | 1,76305480745551 |
 | 386 | -0,00411290873596466 | 1,76305480745551 |
 | 387 | 0,0820947115778628 | 1,76305480745551 |
 | 388 | 0,0227165744503234 | 1,76305480745551 |
 | 389 | 1,4022890986647 | 1,76305480745551 |
 | 390 | -0,268133652842754 | 1,76305480745551 |
 | 391 | 0,0188955193133696 | 1,76305480745551 |
 | 392 | 0,028529402012434 | 1,76305480745551 |
 | 393 | -0,38108969231885 | 1,76305480745551 |
 | 394 | -0,0169293943330571 | 1,76305480745551 |
 | 395 | -0,0446967760112355 | 1,76305480745551 |
 | 396 | 0,376631965906356 | 1,76305480745551 |
 | 397 | -0,257841475078099 | 1,76305480745551 |
 | 398 | -0,414860927408389 | 1,76305480745551 |
 | 399 | -0,215326427722284 | 1,76305480745551 |
 | 400 | 0,0387973524214909 | 1,76305480745551 |
 | 401 | 1,27500759829996 | 1,76305480745551 |
 | 402 | 0,275022755225975 | 1,76305480745551 |
 | 403 | -1,02772438436838 | 1,76305480745551 |
 | 404 | -0,540887983172553 | 1,76305480745551 |
 | 405 | -0,663000913877903 | 1,76305480745551 |
 | 406 | -0,309870951278429 | 1,76305480745551 |
 | 407 | 0,0106690564441047 | 1,76305480745551 |
 | 408 | 0,758143122053074 | 1,76305480745551 |
 | 409 | -0,739994629001439 | 1,76305480745551 |
 | 410 | 1,76305480745551 | 1,76305480745551 |
 | 411 | -0,327408764936052 | 1,76305480745551 |
 | 412 | -0,0487159027901591 | 1,76305480745551 |
 | 413 | -0,103775355403526 | 1,76305480745551 |
 | 414 | -0,021176071707507 | 1,76305480745551 |
 | 415 | -0,493762976820642 | 1,76305480745551 |
 | 416 | -0,0173267842754362 | 1,76305480745551 |
 | 417 | 0,46793672846843 | 1,76305480745551 |
 | 418 | 1,35671401461222 | 1,76305480745551 |
 | 419 | -0,184743620876639 | 1,76305480745551 |
 | 420 | 0,301861438231637 | 1,76305480745551 |
 | 421 | 0,136088870025091 | 1,76305480745551 |
 | 422 | -0,14451942469124 | 1,76305480745551 |
 | 423 | -0,0648455756128723 | 1,76305480745551 |
 | 424 | -0,28880142967244 | 1,76305480745551 |
 | 425 | -1,35294734723868 | 1,76305480745551 |
 | 426 | -0,262248915465072 | 1,76305480745551 |
 | 427 | -0,313500234748038 | 1,76305480745551 |
 | 428 | -0,743057625369928 | 1,76305480745551 |
 | 429 | -0,306841990857031 | 1,76305480745551 |
 | 430 | -0,179886954250553 | 1,76305480745551 |
 | 431 | 0,0469373765812951 | 1,76305480745551 |
 | 432 | -0,796451364363954 | 1,76305480745551 |
 | 433 | -1,32810476817577 | 1,76305480745551 |
 | 434 | 0,145082088031417 | 1,76305480745551 |
 | 435 | -0,00411290873596466 | 1,76305480745551 |
 | 436 | 0,0820947115778628 | 1,76305480745551 |
 | 437 | 0,0227165744503234 | 1,76305480745551 |
 | 438 | 1,4022890986647 | 1,76305480745551 |
 | 439 | -0,268133652842754 | 1,76305480745551 |
 | 440 | 0,0188955193133696 | 1,76305480745551 |
 | 441 | 0,028529402012434 | 1,76305480745551 |
 | 442 | -0,38108969231885 | 1,76305480745551 |
 | 443 | -0,0169293943330571 | 1,76305480745551 |
 | 444 | -0,0446967760112355 | 1,76305480745551 |
 | 445 | 0,376631965906356 | 1,76305480745551 |
 | 446 | -0,257841475078099 | 1,76305480745551 |
 | 447 | -0,414860927408389 | 1,76305480745551 |
 | 448 | -0,215326427722284 | 1,76305480745551 |
 | 449 | 0,0387973524214909 | 1,76305480745551 |
 | 450 | 1,27500759829996 | 1,76305480745551 |
 | 451 | 0,275022755225975 | 1,76305480745551 |
 | 452 | -1,02772438436838 | 1,76305480745551 |
 | 453 | -0,540887983172553 | 1,76305480745551 |
 | 454 | -0,663000913877903 | 1,76305480745551 |
 | 455 | -0,309870951278429 | 1,76305480745551 |
 | 456 | 0,0106690564441047 | 1,76305480745551 |
 | 457 | 0,758143122053074 | 1,76305480745551 |
 | 458 | -0,739994629001439 | 1,76305480745551 |
 | 459 | 1,76305480745551 | 1,76305480745551 |
 | 460 | -0,327408764936052 | 1,76305480745551 |
 | 461 | -0,0487159027901591 | 1,76305480745551 |
 | 462 | -0,103775355403526 | 1,76305480745551 |
 | 463 | -0,021176071707507 | 1,76305480745551 |
 | 464 | -0,493762976820642 | 1,76305480745551 |
 | 465 | -0,0173267842754362 | 1,76305480745551 |
 | 466 | 0,46793672846843 | 1,76305480745551 |
 | 467 | 1,35671401461222 | 1,76305480745551 |
 | 468 | -0,184743620876639 | 1,76305480745551 |
 | 469 | 0,301861438231637 | 1,76305480745551 |
 | 470 | 0,136088870025091 | 1,76305480745551 |
 | 471 | -0,14451942469124 | 1,76305480745551 |
 | 472 | -0,0648455756128723 | 1,76305480745551 |
 | 473 | -0,28880142967244 | 1,76305480745551 |
 | 474 | -1,35294734723868 | 1,76305480745551 |
 | 475 | -0,262248915465072 | 1,76305480745551 |
 | 476 | -0,313500234748038 | 1,76305480745551 |
 | 477 | -0,743057625369928 | 1,76305480745551 |
 | 478 | -0,306841990857031 | 1,76305480745551 |
 | 479 | -0,179886954250553 | 1,76305480745551 |
 | 480 | 0,0469373765812951 | 1,76305480745551 |
 | 481 | -0,796451364363954 | 1,76305480745551 |
 | 482 | -1,32810476817577 | 1,76305480745551 |
 | 483 | 0,145082088031417 | 1,76305480745551 |
 | 484 | -0,00411290873596466 | 1,76305480745551 |
 | 485 | 0,0820947115778628 | 1,76305480745551 |
 | 486 | 0,0227165744503234 | 1,76305480745551 |
 | 487 | 1,4022890986647 | 1,76305480745551 |
 | 488 | -0,268133652842754 | 1,76305480745551 |
 | 489 | 0,0188955193133696 | 1,76305480745551 |
 | 490 | 0,028529402012434 | 1,76305480745551 |
 | 491 | -0,38108969231885 | 1,76305480745551 |
 | 492 | -0,0169293943330571 | 1,76305480745551 |
 | 493 | -0,0446967760112355 | 1,76305480745551 |
 | 494 | 0,376631965906356 | 1,76305480745551 |
 | 495 | -0,257841475078099 | 1,76305480745551 |
 | 496 | -0,414860927408389 | 1,76305480745551 |
 | 497 | -0,215326427722284 | 1,76305480745551 |
 | 498 | 0,0387973524214909 | 1,76305480745551 |
 | 499 | 1,27500759829996 | 1,76305480745551 |
 | 500 | 0,275022755225975 | 1,76305480745551 |
 | 501 | -1,02772438436838 | 1,76305480745551 |
 | 502 | -0,540887983172553 | 1,76305480745551 |
 | 503 | -0,663000913877903 | 1,76305480745551 |
 | 504 | -0,309870951278429 | 1,76305480745551 |
 | 505 | 0,0106690564441047 | 1,76305480745551 |
 | 506 | 0,758143122053074 | 1,76305480745551 |
 | 507 | -0,739994629001439 | 1,76305480745551 |
 | 508 | 1,76305480745551 | 1,76305480745551 |
 | 509 | -0,327408764936052 | 1,76305480745551 |
 | 510 | -0,0487159027901591 | 1,76305480745551 |
 | 511 | -0,103775355403526 | 1,76305480745551 |
 | 512 | -0,021176071707507 | 1,76305480745551 |
 | 513 | -0,493762976820642 | 1,76305480745551 |
 | 514 | -0,0173267842754362 | 1,76305480745551 |
 | 515 | 0,46793672846843 | 1,76305480745551 |
 | 516 | 1,35671401461222 | 1,76305480745551 |
 | 517 | -0,184743620876639 | 1,76305480745551 |
 | 518 | 0,301861438231637 | 1,76305480745551 |
 | 519 | 0,136088870025091 | 1,76305480745551 |
 | 520 | -0,14451942469124 | 1,76305480745551 |
 | 521 | -0,0648455756128723 | 1,76305480745551 |
 | 522 | -0,28880142967244 | 1,76305480745551 |
 | 523 | -1,35294734723868 | 1,76305480745551 |
 | 524 | -0,262248915465072 | 1,76305480745551 |
 | 525 | -0,313500234748038 | 1,76305480745551 |
 | 526 | -0,743057625369928 | 1,76305480745551 |
 | 527 | -0,306841990857031 | 1,76305480745551 |
 | 528 | -0,179886954250553 | 1,76305480745551 |
 | 529 | 0,0469373765812951 | 1,76305480745551 |
 | 530 | -0,796451364363954 | 1,76305480745551 |
 | 531 | -1,32810476817577 | 1,76305480745551 |
 | 532 | 0,145082088031417 | 1,76305480745551 |
 | 533 | -0,00411290873596466 | 1,76305480745551 |
 | 534 | 0,0820947115778628 | 1,76305480745551 |
 | 535 | 0,0227165744503234 | 1,76305480745551 |
 | 536 | 1,4022890986647 | 1,76305480745551 |
 | 537 | -0,268133652842754 | 1,76305480745551 |
 | 538 | 0,0188955193133696 | 1,76305480745551 |
 | 539 | 0,028529402012434 | 1,76305480745551 |
 | 540 | -0,38108969231885 | 1,76305480745551 |
 | 541 | -0,0169293943330571 | 1,76305480745551 |
 | 542 | -0,0446967760112355 | 1,76305480745551 |
 | 543 | 0,376631965906356 | 1,76305480745551 |
 | 544 | -0,257841475078099 | 1,76305480745551 |
 | 545 | -0,414860927408389 | 1,76305480745551 |
 | 546 | -0,215326427722284 | 1,76305480745551 |
 | 547 | 0,0387973524214909 | 1,76305480745551 |
 | 548 | 1,27500759829996 | 1,76305480745551 |
 | 549 | 0,275022755225975 | 1,76305480745551 |
 | 550 | -1,02772438436838 | 1,76305480745551 |
 | 551 | -0,540887983172553 | 1,76305480745551 |
 | 552 | -0,663000913877903 | 1,76305480745551 |
 | 553 | -0,309870951278429 | 1,76305480745551 |
 | 554 | 0,0106690564441047 | 1,76305480745551 |
 | 555 | 0,758143122053074 | 1,76305480745551 |
 | 556 | -0,739994629001439 | 1,76305480745551 |
 | 557 | 1,76305480745551 | 1,76305480745551 |
 | 558 | -0,327408764936052 | 1,76305480745551 |
 | 559 | -0,0487159027901591 | 1,76305480745551 |
 | 560 | -0,103775355403526 | 1,76305480745551 |
 | 561 | -0,021176071707507 | 1,76305480745551 |
 | 562 | -0,493762976820642 | 1,76305480745551 |
 | 563 | -0,0173267842754362 | 1,76305480745551 |
 | 564 | 0,46793672846843 | 1,76305480745551 |
 | 565 | 1,35671401461222 | 1,76305480745551 |
 | 566 | -0,184743620876639 | 1,76305480745551 |
 | 567 | 0,301861438231637 | 1,76305480745551 |
 | 568 | 0,136088870025091 | 1,76305480745551 |
 | 569 | -0,14451942469124 | 1,76305480745551 |
 | 570 | -0,0648455756128723 | 1,76305480745551 |
 | 571 | -0,28880142967244 | 1,76305480745551 |
 | 572 | -1,35294734723868 | 1,76305480745551 |
 | 573 | -0,262248915465072 | 1,76305480745551 |
 | 574 | -0,313500234748038 | 1,76305480745551 |
 | 575 | -0,743057625369928 | 1,76305480745551 |
 | 576 | -0,306841990857031 | 1,76305480745551 |
 | 577 | -0,179886954250553 | 1,76305480745551 |
 | 578 | 0,0469373765812951 | 1,76305480745551 |
 | 579 | -0,796451364363954 | 1,76305480745551 |
 | 580 | -1,32810476817577 | 1,76305480745551 |
 | 581 | 0,145082088031417 | 1,76305480745551 |
 | 582 | -0,00411290873596466 | 1,76305480745551 |
 | 583 | 0,0820947115778628 | 1,76305480745551 |
 | 584 | 0,0227165744503234 | 1,76305480745551 |
 | 585 | 1,4022890986647 | 1,76305480745551 |
 | 586 | -0,268133652842754 | 1,76305480745551 |
 | 587 | 0,0188955193133696 | 1,76305480745551 |
 | 588 | 0,028529402012434 | 1,76305480745551 |
 | 589 | -0,38108969231885 | 1,76305480745551 |
 | 590 | -0,0169293943330571 | 1,76305480745551 |
 | 591 | -0,0446967760112355 | 1,76305480745551 |
 | 592 | 0,376631965906356 | 1,76305480745551 |
 | 593 | -0,257841475078099 | 1,76305480745551 |
 | 594 | -0,414860927408389 | 1,76305480745551 |
 | 595 | -0,215326427722284 | 1,76305480745551 |
 | 596 | 0,0387973524214909 | 1,76305480745551 |
 | 597 | 1,27500759829996 | 1,76305480745551 |
 | 598 | 0,275022755225975 | 1,76305480745551 |
 | 599 | -1,02772438436838 | 1,76305480745551 |
 | 600 | -0,540887983172553 | 1,76305480745551 |
 | 601 | -0,663000913877903 | 1,76305480745551 |
 | 602 | -0,309870951278429 | 1,76305480745551 |
 | 603 | 0,0106690564441047 | 1,76305480745551 |
 | 604 | 0,758143122053074 | 1,76305480745551 |
 | 605 | -0,739994629001439 | 1,76305480745551 |
 | 606 | 1,76305480745551 | 1,76305480745551 |
 | 607 | -0,327408764936052 | 1,76305480745551 |
 | 608 | -0,0487159027901591 | 1,76305480745551 |
 | 609 | -0,103775355403526 | 1,76305480745551 |
 | 610 | -0,021176071707507 | 1,76305480745551 |
 | 611 | -0,493762976820642 | 1,76305480745551 |
 | 612 | -0,0173267842754362 | 1,76305480745551 |
 | 613 | 0,46793672846843 | 1,76305480745551 |
 | 614 | 1,35671401461222 | 1,76305480745551 |
 | 615 | -0,184743620876639 | 1,76305480745551 |
 | 616 | 0,301861438231637 | 1,76305480745551 |
 | 617 | 0,136088870025091 | 1,76305480745551 |
 | 618 | -0,14451942469124 | 1,76305480745551 |
 | 619 | -0,0648455756128723 | 1,76305480745551 |
 | 620 | -0,28880142967244 | 1,76305480745551 |
 | 621 | -1,35294734723868 | 1,76305480745551 |
 | 622 | -0,262248915465072 | 1,76305480745551 |
 | 623 | -0,313500234748038 | 1,76305480745551 |
 | 624 | -0,743057625369928 | 1,76305480745551 |
 | 625 | -0,306841990857031 | 1,76305480745551 |
 | 626 | -0,179886954250553 | 1,76305480745551 |
 | 627 | 0,0469373765812951 | 1,76305480745551 |
 | 628 | -0,796451364363954 | 1,76305480745551 |
 | 629 | -1,32810476817577 | 1,76305480745551 |
 | 630 | 0,145082088031417 | 1,76305480745551 |
 | 631 | -0,00411290873596466 | 1,76305480745551 |
 | 632 | 0,0820947115778628 | 1,76305480745551 |
 | 633 | 0,0227165744503234 | 1,76305480745551 |
 | 634 | 1,4022890986647 | 1,76305480745551 |
 | 635 | -0,268133652842754 | 1,76305480745551 |
 | 636 | 0,0188955193133696 | 1,76305480745551 |
 | 637 | 0,028529402012434 | 1,76305480745551 |
 | 638 | -0,38108969231885 | 1,76305480745551 |
 | 639 | -0,0169293943330571 | 1,76305480745551 |
 | 640 | -0,0446967760112355 | 1,76305480745551 |
 | 641 | 0,376631965906356 | 1,76305480745551 |
 | 642 | -0,257841475078099 | 1,76305480745551 |
 | 643 | -0,414860927408389 | 1,76305480745551 |
 | 644 | -0,215326427722284 | 1,76305480745551 |
 | 645 | 0,0387973524214909 | 1,76305480745551 |
 | 646 | 1,27500759829996 | 1,76305480745551 |
 | 647 | 0,275022755225975 | 1,76305480745551 |
 | 648 | -1,02772438436838 | 1,76305480745551 |
 | 649 | -0,540887983172553 | 1,76305480745551 |
 | 650 | -0,663000913877903 | 1,76305480745551 |
 | 651 | -0,309870951278429 | 1,76305480745551 |
 | 652 | 0,0106690564441047 | 1,76305480745551 |
 | 653 | 0,758143122053074 | 1,76305480745551 |
 | 654 | -0,739994629001439 | 1,76305480745551 |
 | 655 | 1,76305480745551 | 1,76305480745551 |
 | 656 | -0,327408764936052 | 1,76305480745551 |
 | 657 | -0,0487159027901591 | 1,76305480745551 |
 | 658 | -0,103775355403526 | 1,76305480745551 |
 | 659 | -0,021176071707507 | 1,76305480745551 |
 | 660 | -0,493762976820642 | 1,76305480745551 |
 | 661 | -0,0173267842754362 | 1,76305480745551 |
 | 662 | 0,46793672846843 | 1,76305480745551 |
 | 663 | 1,35671401461222 | 1,76305480745551 |
 | 664 | -0,184743620876639 | 1,76305480745551 |
 | 665 | 0,301861438231637 | 1,76305480745551 |
 | 666 | 0,136088870025091 | 1,76305480745551 |
 | 667 | -0,14451942469124 | 1,76305480745551 |
 | 668 | -0,0648455756128723 | 1,76305480745551 |
 | 669 | -0,28880142967244 | 1,76305480745551 |
 | 670 | -1,35294734723868 | 1,76305480745551 |
 | 671 | -0,262248915465072 | 1,76305480745551 |
 | 672 | -0,313500234748038 | 1,76305480745551 |
 | 673 | -0,743057625369928 | 1,76305480745551 |
 | 674 | -0,306841990857031 | 1,76305480745551 |
 | 675 | -0,179886954250553 | 1,76305480745551 |
 | 676 | 0,0469373765812951 | 1,76305480745551 |
 | 677 | -0,796451364363954 | 1,76305480745551 |
 | 678 | -1,32810476817577 | 1,76305480745551 |
 | 679 | 0,145082088031417 | 1,76305480745551 |
 | 680 | -0,00411290873596466 | 1,76305480745551 |
 | 681 | 0,0820947115778628 | 1,76305480745551 |
 | 682 | 0,0227165744503234 | 1,76305480745551 |
 | 683 | 1,4022890986647 | 1,76305480745551 |
 | 684 | -0,268133652842754 | 1,76305480745551 |
 | 685 | 0,0188955193133696 | 1,76305480745551 |
 | 686 | 0,028529402012434 | 1,76305480745551 |
 | 687 | -0,38108969231885 | 1,76305480745551 |
 | 688 | -0,0169293943330571 | 1,76305480745551 |
 | 689 | -0,0446967760112355 | 1,76305480745551 |
 | 690 | 0,376631965906356 | 1,76305480745551 |
 | 691 | -0,257841475078099 | 1,76305480745551 |
 | 692 | -0,414860927408389 | 1,76305480745551 |
 | 693 | -0,215326427722284 | 1,76305480745551 |
 | 694 | 0,0387973524214909 | 1,76305480745551 |
 | 695 | 1,27500759829996 | 1,76305480745551 |
 | 696 | 0,275022755225975 | 1,76305480745551 |
 | 697 | -1,02772438436838 | 1,76305480745551 |
 | 698 | -0,540887983172553 | 1,76305480745551 |
 | 699 | -0,663000913877903 | 1,76305480745551 |
 | 700 | -0,309870951278429 | 1,76305480745551 |
 | 701 | 0,0106690564441047 | 1,76305480745551 |
 | 702 | 0,758143122053074 | 1,76305480745551 |
 | 703 | -0,739994629001439 | 1,76305480745551 |
 | 704 | 1,76305480745551 | 1,76305480745551 |
 | 705 | -0,327408764936052 | 1,76305480745551 |
 | 706 | -0,0487159027901591 | 1,76305480745551 |
 | 707 | -0,103775355403526 | 1,76305480745551 |
 | 708 | -0,021176071707507 | 1,76305480745551 |
 | 709 | -0,493762976820642 | 1,76305480745551 |
 | 710 | -0,0173267842754362 | 1,76305480745551 |
 | 711 | 0,46793672846843 | 1,76305480745551 |
 | 712 | 1,35671401461222 | 1,76305480745551 |
 | 713 | -0,184743620876639 | 1,76305480745551 |
 | 714 | 0,301861438231637 | 1,76305480745551 |
 | 715 | 0,136088870025091 | 1,76305480745551 |
 | 716 | -0,14451942469124 | 1,76305480745551 |
 | 717 | -0,0648455756128723 | 1,76305480745551 |
 | 718 | -0,28880142967244 | 1,76305480745551 |
 | 719 | -1,35294734723868 | 1,76305480745551 |
 | 720 | -0,262248915465072 | 1,76305480745551 |
 | 721 | -0,313500234748038 | 1,76305480745551 |
 | 722 | -0,743057625369928 | 1,76305480745551 |
 | 723 | -0,306841990857031 | 1,76305480745551 |
 | 724 | -0,179886954250553 | 1,76305480745551 |
 | 725 | 0,0469373765812951 | 1,76305480745551 |
 | 726 | -0,796451364363954 | 1,76305480745551 |
 | 727 | -1,32810476817577 | 1,76305480745551 |
 | 728 | 0,145082088031417 | 1,76305480745551 |
 | 729 | -0,00411290873596466 | 1,76305480745551 |
 | 730 | 0,0820947115778628 | 1,76305480745551 |
 | 731 | 0,0227165744503234 | 1,76305480745551 |
 | 732 | 1,4022890986647 | 1,76305480745551 |
 | 733 | -0,268133652842754 | 1,76305480745551 |
 | 734 | 0,0188955193133696 | 1,76305480745551 |
 | 735 | 0,028529402012434 | 1,76305480745551 |
 | 736 | -0,38108969231885 | 1,76305480745551 |
 | 737 | -0,0169293943330571 | 1,76305480745551 |
 | 738 | -0,0446967760112355 | 1,76305480745551 |
 | 739 | 0,376631965906356 | 1,76305480745551 |
 | 740 | -0,257841475078099 | 1,76305480745551 |
 | 741 | -0,414860927408389 | 1,76305480745551 |
 | 742 | -0,215326427722284 | 1,76305480745551 |
 | 743 | 0,0387973524214909 | 1,76305480745551 |
 | 744 | 1,27500759829996 | 1,76305480745551 |
 | 745 | 0,275022755225975 | 1,76305480745551 |
 | 746 | -1,02772438436838 | 1,76305480745551 |
 | 747 | -0,540887983172553 | 1,76305480745551 |
 | 748 | -0,663000913877903 | 1,76305480745551 |
 | 749 | -0,309870951278429 | 1,76305480745551 |
 | 750 | 0,0106690564441047 | 1,76305480745551 |
 | 751 | 0,758143122053074 | 1,76305480745551 |
 | 752 | -0,739994629001439 | 1,76305480745551 |
 | 753 | 1,76305480745551 | 1,76305480745551 |
 | 754 | -0,327408764936052 | 1,76305480745551 |
 | 755 | -0,0487159027901591 | 1,76305480745551 |
 | 756 | -0,103775355403526 | 1,76305480745551 |
 | 757 | -0,021176071707507 | 1,76305480745551 |
 | 758 | -0,493762976820642 | 1,76305480745551 |
 | 759 | -0,0173267842754362 | 1,76305480745551 |
 | 760 | 0,46793672846843 | 1,76305480745551 |
 | 761 | 1,35671401461222 | 1,76305480745551 |
 | 762 | -0,184743620876639 | 1,76305480745551 |
 | 763 | 0,301861438231637 | 1,76305480745551 |
 | 764 | 0,136088870025091 | 1,76305480745551 |
 | 765 | -0,14451942469124 | 1,76305480745551 |
 | 766 | -0,0648455756128723 | 1,76305480745551 |
 | 767 | -0,28880142967244 | 1,76305480745551 |
 | 768 | -1,35294734723868 | 1,76305480745551 |
 | 769 | -0,262248915465072 | 1,76305480745551 |
 | 770 | -0,313500234748038 | 1,76305480745551 |
 | 771 | -0,743057625369928 | 1,76305480745551 |
 | 772 | -0,306841990857031 | 1,76305480745551 |
 | 773 | -0,179886954250553 | 1,76305480745551 |
 | 774 | 0,0469373765812951 | 1,76305480745551 |
 | 775 | -0,796451364363954 | 1,76305480745551 |
 | 776 | -1,32810476817577 | 1,76305480745551 |
 | 777 | 0,145082088031417 | 1,76305480745551 |
 | 778 | -0,00411290873596466 | 1,76305480745551 |
 | 779 | 0,0820947115778628 | 1,76305480745551 |
 | 780 | 0,0227165744503234 | 1,76305480745551 |
 | 781 | 1,4022890986647 | 1,76305480745551 |
 | 782 | -0,268133652842754 | 1,76305480745551 |
 | 783 | 0,0188955193133696 | 1,76305480745551 |
 | 784 | 0,028529402012434 | 1,76305480745551 |
 | 785 | -0,38108969231885 | 1,76305480745551 |
 | 786 | -0,0169293943330571 | 1,76305480745551 |
 | 787 | -0,0446967760112355 | 1,76305480745551 |
 | 788 | 0,376631965906356 | 1,76305480745551 |
 | 789 | -0,257841475078099 | 1,76305480745551 |
 | 790 | -0,414860927408389 | 1,76305480745551 |
 | 791 | -0,215326427722284 | 1,76305480745551 |
 | 792 | 0,0387973524214909 | 1,76305480745551 |
 | 793 | 1,27500759829996 | 1,76305480745551 |
 | 794 | 0,275022755225975 | 1,76305480745551 |
 | 795 | -1,02772438436838 | 1,76305480745551 |
 | 796 | -0,540887983172553 | 1,76305480745551 |
 | 797 | -0,663000913877903 | 1,76305480745551 |
 | 798 | -0,309870951278429 | 1,76305480745551 |
 | 799 | 0,0106690564441047 | 1,76305480745551 |
 | 800 | 0,758143122053074 | 1,76305480745551 |
 | 801 | -0,739994629001439 | 1,76305480745551 |
 | 802 | 1,76305480745551 | 1,76305480745551 |
 | 803 | -0,327408764936052 | 1,76305480745551 |
 | 804 | -0,0487159027901591 | 1,76305480745551 |
 | 805 | -0,103775355403526 | 1,76305480745551 |
 | 806 | -0,021176071707507 | 1,76305480745551 |
 | 807 | -0,493762976820642 | 1,76305480745551 |
 | 808 | -0,0173267842754362 | 1,76305480745551 |
 | 809 | 0,46793672846843 | 1,76305480745551 |
 | 810 | 1,35671401461222 | 1,76305480745551 |
 | 811 | -0,184743620876639 | 1,76305480745551 |
 | 812 | 0,301861438231637 | 1,76305480745551 |
 | 813 | 0,136088870025091 | 1,76305480745551 |
 | 814 | -0,14451942469124 | 1,76305480745551 |
 | 815 | -0,0648455756128723 | 1,76305480745551 |
 | 816 | -0,28880142967244 | 1,76305480745551 |
 | 817 | -1,35294734723868 | 1,76305480745551 |
 | 818 | -0,262248915465072 | 1,76305480745551 |
 | 819 | -0,313500234748038 | 1,76305480745551 |
 | 820 | -0,743057625369928 | 1,76305480745551 |
 | 821 | -0,306841990857031 | 1,76305480745551 |
 | 822 | -0,179886954250553 | 1,76305480745551 |
 | 823 | 0,0469373765812951 | 1,76305480745551 |
 | 824 | -0,796451364363954 | 1,76305480745551 |
 | 825 | -1,32810476817577 | 1,76305480745551 |
 | 826 | 0,145082088031417 | 1,76305480745551 |
 | 827 | -0,00411290873596466 | 1,76305480745551 |
 | 828 | 0,0820947115778628 | 1,76305480745551 |
 | 829 | 0,0227165744503234 | 1,76305480745551 |
 | 830 | 1,4022890986647 | 1,76305480745551 |
 | 831 | -0,268133652842754 | 1,76305480745551 |
 | 832 | 0,0188955193133696 | 1,76305480745551 |
 | 833 | 0,028529402012434 | 1,76305480745551 |
 | 834 | -0,38108969231885 | 1,76305480745551 |
 | 835 | -0,0169293943330571 | 1,76305480745551 |
 | 836 | -0,0446967760112355 | 1,76305480745551 |
 | 837 | 0,376631965906356 | 1,76305480745551 |
 | 838 | -0,257841475078099 | 1,76305480745551 |
 | 839 | -0,414860927408389 | 1,76305480745551 |
 | 840 | -0,215326427722284 | 1,76305480745551 |
 | 841 | 0,0387973524214909 | 1,76305480745551 |
 | 842 | 1,27500759829996 | 1,76305480745551 |
 | 843 | 0,275022755225975 | 1,76305480745551 |
 | 844 | -1,02772438436838 | 1,76305480745551 |
 | 845 | -0,540887983172553 | 1,76305480745551 |
 | 846 | -0,663000913877903 | 1,76305480745551 |
 | 847 | -0,309870951278429 | 1,76305480745551 |
 | 848 | 0,0106690564441047 | 1,76305480745551 |
 | 849 | 0,758143122053074 | 1,76305480745551 |
 | 850 | -0,739994629001439 | 1,76305480745551 |
 | 851 | 1,76305480745551 | 1,76305480745551 |
 | 852 | -0,327408764936052 | 1,76305480745551 |
 | 853 | -0,0487159027901591 | 1,76305480745551 |
 | 854 | -0,103775355403526 | 1,76305480745551 |
 | 855 | -0,021176071707507 | 1,76305480745551 |
 | 856 | -0,493762976820642 | 1,76305480745551 |
 | 857 | -0,0173267842754362 | 1,76305480745551 |
 | 858 | 0,46793672846843 | 1,76305480745551 |
 | 859 | 1,35671401461222 | 1,76305480745551 |
 | 860 | -0,184743620876639 | 1,76305480745551 |
 | 861 | 0,301861438231637 | 1,76305480745551 |
 | 862 | 0,136088870025091 | 1,76305480745551 |
 | 863 | -0,14451942469124 | 1,76305480745551 |
 | 864 | -0,0648455756128723 | 1,76305480745551 |
 | 865 | -0,28880142967244 | 1,76305480745551 |
 | 866 | -1,35294734723868 | 1,76305480745551 |
 | 867 | -0,262248915465072 | 1,76305480745551 |
 | 868 | -0,313500234748038 | 1,76305480745551 |
 | 869 | -0,743057625369928 | 1,76305480745551 |
 | 870 | -0,306841990857031 | 1,76305480745551 |
 | 871 | -0,179886954250553 | 1,76305480745551 |
 | 872 | 0,0469373765812951 | 1,76305480745551 |
 | 873 | -0,796451364363954 | 1,76305480745551 |
 | 874 | -1,32810476817577 | 1,76305480745551 |
 | 875 | 0,145082088031417 | 1,76305480745551 |
 | 876 | -0,00411290873596466 | 1,76305480745551 |
 | 877 | 0,0820947115778628 | 1,76305480745551 |
 | 878 | 0,0227165744503234 | 1,76305480745551 |
 | 879 | 1,4022890986647 | 1,76305480745551 |
 | 880 | -0,268133652842754 | 1,76305480745551 |
 | 881 | 0,0188955193133696 | 1,76305480745551 |
 | 882 | 0,028529402012434 | 1,76305480745551 |
 | 883 | -0,38108969231885 | 1,76305480745551 |
 | 884 | -0,0169293943330571 | 1,76305480745551 |
 | 885 | -0,0446967760112355 | 1,76305480745551 |
 | 886 | 0,376631965906356 | 1,76305480745551 |
 | 887 | -0,257841475078099 | 1,76305480745551 |
 | 888 | -0,414860927408389 | 1,76305480745551 |
 | 889 | -0,215326427722284 | 1,76305480745551 |
 | 890 | 0,0387973524214909 | 1,76305480745551 |
 | 891 | 1,27500759829996 | 1,76305480745551 |
 | 892 | 0,275022755225975 | 1,76305480745551 |
 | 893 | -1,02772438436838 | 1,76305480745551 |
 | 894 | -0,540887983172553 | 1,76305480745551 |
 | 895 | -0,663000913877903 | 1,76305480745551 |
 | 896 | -0,309870951278429 | 1,76305480745551 |
 | 897 | 0,0106690564441047 | 1,76305480745551 |
 | 898 | 0,758143122053074 | 1,76305480745551 |
 | 899 | -0,739994629001439 | 1,76305480745551 |
 | 900 | 1,76305480745551 | 1,76305480745551 |
 | 901 | -0,327408764936052 | 1,76305480745551 |
 | 902 | -0,0487159027901591 | 1,76305480745551 |
 | 903 | -0,103775355403526 | 1,76305480745551 |
 | 904 | -0,021176071707507 | 1,76305480745551 |
 | 905 | -0,493762976820642 | 1,76305480745551 |
 | 906 | -0,0173267842754362 | 1,76305480745551 |
 | 907 | 0,46793672846843 | 1,76305480745551 |
 | 908 | 1,35671401461222 | 1,76305480745551 |
 | 909 | -0,184743620876639 | 1,76305480745551 |
 | 910 | 0,301861438231637 | 1,76305480745551 |
 | 911 | 0,136088870025091 | 1,76305480745551 |
 | 912 | -0,14451942469124 | 1,76305480745551 |
 | 913 | -0,0648455756128723 | 1,76305480745551 |
 | 914 | -0,28880142967244 | 1,76305480745551 |
 | 915 | -1,35294734723868 | 1,76305480745551 |
 | 916 | -0,262248915465072 | 1,76305480745551 |
 | 917 | -0,313500234748038 | 1,76305480745551 |
 | 918 | -0,743057625369928 | 1,76305480745551 |
 | 919 | -0,306841990857031 | 1,76305480745551 |
 | 920 | 0,894722579345547 | 1,76305480745551 |
 | 921 | -0,631392715044794 | 1,76305480745551 |
 | 922 | 1,10730750453088 | 1,76305480745551 |
 | 923 | -0,984427061818224 | 1,76305480745551 |
 | 924 | 1,39978515569935 | 1,76305480745551 |
 | 925 | -1,10893831656883 | 1,76305480745551 |
 | 926 | 1,96070873823104 | 1,96070873823104 |
 | 927 | -1,12299746699348 | 1,96070873823104 |
 | 928 | 1,07185185267299 | 1,96070873823104 |
 | 929 | -0,974104827271822 | 1,96070873823104 |
 | 930 | 1,35217421340405 | 1,96070873823104 |
 | 931 | 0,148108187088988 | 1,96070873823104 |
 | 932 | 0,0515865267377105 | 1,96070873823104 |
 | 933 | 0,797067581846238 | 1,96070873823104 |
 | 934 | -0,283194590954806 | 1,96070873823104 |
 | 935 | 0,536345886865385 | 1,96070873823104 |
 | 936 | 0,235612202576672 | 1,96070873823104 |
 | 937 | 1,50149761467771 | 1,96070873823104 |
 | 938 | 0,0281313891515374 | 1,96070873823104 |
 | 939 | 1,15888408933144 | 1,96070873823104 |
 | 940 | -0,163137352020833 | 1,96070873823104 |
 | 941 | 1,0591427073572 | 1,96070873823104 |
 | 942 | 0,00230612703784759 | 1,96070873823104 |
 | 943 | 0,74517147026005 | 1,96070873823104 |
 | 944 | -0,289187331516922 | 1,96070873823104 |
 | 945 | 0,507150615500864 | 1,96070873823104 |
 | 946 | 0,143750400717476 | 1,96070873823104 |
 | 947 | 1,39541090862864 | 1,96070873823104 |
 | 948 | -0,400148026453754 | 1,96070873823104 |
 | 949 | 0,675438896115792 | 1,96070873823104 |
 | 950 | -0,196036919433679 | 1,96070873823104 |
 | 951 | 1,22679324086 | 1,96070873823104 |
 | 952 | -0,380470932874571 | 1,96070873823104 |
 | 953 | 0,379727513236918 | 1,96070873823104 |
 | 954 | 1,11271101117759 | 1,96070873823104 |
 | 955 | -1,0314701565625 | 1,96070873823104 |
 | 956 | -0,482701893072047 | 1,96070873823104 |
 | 957 | -1,01713929155901 | 1,96070873823104 |
 | 958 | 0,292492179331583 | 1,96070873823104 |
 | 959 | 0,380555598855106 | 1,96070873823104 |
 | 960 | -0,066300150804583 | 1,96070873823104 |
 | 961 | 0,66716137817769 | 1,96070873823104 |
 | 962 | -0,0713883117092269 | 1,96070873823104 |
 | 963 | 0,858259602261857 | 1,96070873823104 |
 | 964 | -0,192527161808808 | 1,96070873823104 |
 | 965 | 0,564239816572243 | 1,96070873823104 |
 | 966 | 0,203766807507566 | 1,96070873823104 |
 | 967 | 1,46915599661391 | 1,96070873823104 |
 | 968 | -0,0212416695237083 | 1,96070873823104 |
 | 969 | 1,1464958283175 | 1,96070873823104 |
 | 970 | -0,196036919433679 | 1,96070873823104 |
 | 971 | 1,22679324086 | 1,96070873823104 |
 | 972 | -0,380470932874571 | 1,96070873823104 |
 | 973 | 0,379727513236918 | 1,96070873823104 |
 | 974 | 1,11271101117759 | 1,96070873823104 |
 | 975 | -1,0314701565625 | 1,96070873823104 |
 | 976 | -0,482701893072047 | 1,96070873823104 |
 | 977 | -1,01713929155901 | 1,96070873823104 |
 | 978 | 0,292492179331583 | 1,96070873823104 |
 | 979 | 0,380555598855106 | 1,96070873823104 |
 | 980 | -0,066300150804583 | 1,96070873823104 |
 | 981 | 0,66716137817769 | 1,96070873823104 |
 | 982 | -0,0713883117092269 | 1,96070873823104 |
 | 983 | 0,858259602261857 | 1,96070873823104 |
 | 984 | -0,192527161808808 | 1,96070873823104 |
 | 985 | 0,564239816572243 | 1,96070873823104 |
 | 986 | 0,203766807507566 | 1,96070873823104 |
 | 987 | 1,46915599661391 | 1,96070873823104 |
 | 988 | -0,0212416695237083 | 1,96070873823104 |
 | 989 | 1,1464958283175 | 1,96070873823104 |
 | 990 | -0,196036919433679 | 1,96070873823104 |
 | 991 | 1,22679324086 | 1,96070873823104 |
 | 992 | -0,380470932874571 | 1,96070873823104 |
 | 993 | 0,379727513236918 | 1,96070873823104 |
 | 994 | 1,11271101117759 | 1,96070873823104 |
 | 995 | -1,0314701565625 | 1,96070873823104 |
 | 996 | -0,482701893072047 | 1,96070873823104 |
 | 997 | -1,01713929155901 | 1,96070873823104 |
 | 998 | 0,292492179331583 | 1,96070873823104 |
 | 999 | 0,380555598855106 | 1,96070873823104 |
 | 1000 | -0,066300150804583 | 1,96070873823104 |
 | 1001 | 0,66716137817769 | 1,96070873823104 |
 | 1002 | -0,0713883117092269 | 1,96070873823104 |
 | 1003 | 0,858259602261857 | 1,96070873823104 |
 | 1004 | -0,192527161808808 | 1,96070873823104 |
 | 1005 | 0,564239816572243 | 1,96070873823104 |
 | 1006 | 0,203766807507566 | 1,96070873823104 |
 | 1007 | 1,46915599661391 | 1,96070873823104 |
 | 1008 | -0,0212416695237083 | 1,96070873823104 |
 | 1009 | 1,1464958283175 | 1,96070873823104 |
 | 1010 | -0,196036919433679 | 1,96070873823104 |
 | 1011 | 1,22679324086 | 1,96070873823104 |
 | 1012 | -0,380470932874571 | 1,96070873823104 |
 | 1013 | 0,379727513236918 | 1,96070873823104 |
 | 1014 | 1,11271101117759 | 1,96070873823104 |
 | 1015 | -1,0314701565625 | 1,96070873823104 |
 | 1016 | -0,482701893072047 | 1,96070873823104 |
 | 1017 | -1,01713929155901 | 1,96070873823104 |
 | 1018 | 0,292492179331583 | 1,96070873823104 |
 | 1019 | 0,380555598855106 | 1,96070873823104 |
 | 1020 | -0,066300150804583 | 1,96070873823104 |
 | 1021 | 0,66716137817769 | 1,96070873823104 |
 | 1022 | -0,0713883117092269 | 1,96070873823104 |
 | 1023 | 0,858259602261857 | 1,96070873823104 |
 | 1024 | -0,192527161808808 | 1,96070873823104 |
 | 1025 | 0,564239816572243 | 1,96070873823104 |
 | 1026 | 0,203766807507566 | 1,96070873823104 |
 | 1027 | 1,46915599661391 | 1,96070873823104 |
 | 1028 | -0,0212416695237083 | 1,96070873823104 |
 | 1029 | 1,1464958283175 | 1,96070873823104 |
 | 1030 | -0,196036919433679 | 1,96070873823104 |
 | 1031 | 1,22679324086 | 1,96070873823104 |
 | 1032 | -0,380470932874571 | 1,96070873823104 |
 | 1033 | 0,379727513236918 | 1,96070873823104 |
 | 1034 | 1,11271101117759 | 1,96070873823104 |
 | 1035 | -1,0314701565625 | 1,96070873823104 |
 | 1036 | -0,482701893072047 | 1,96070873823104 |
 | 1037 | -1,01713929155901 | 1,96070873823104 |
 | 1038 | 0,292492179331583 | 1,96070873823104 |
 | 1039 | 0,380555598855106 | 1,96070873823104 |
 | 1040 | -0,066300150804583 | 1,96070873823104 |
 | 1041 | 0,66716137817769 | 1,96070873823104 |
 | 1042 | -0,0713883117092269 | 1,96070873823104 |
 | 1043 | 0,858259602261857 | 1,96070873823104 |
 | 1044 | -0,192527161808808 | 1,96070873823104 |
 | 1045 | 0,564239816572243 | 1,96070873823104 |
 | 1046 | 0,203766807507566 | 1,96070873823104 |
 | 1047 | 1,46915599661391 | 1,96070873823104 |
 | 1048 | -0,0212416695237083 | 1,96070873823104 |
 | 1049 | 1,1464958283175 | 1,96070873823104 |
 | 1050 | -0,196036919433679 | 1,96070873823104 |
 | 1051 | 1,22679324086 | 1,96070873823104 |
 | 1052 | -0,380470932874571 | 1,96070873823104 |
 | 1053 | 0,379727513236918 | 1,96070873823104 |
 | 1054 | 1,11271101117759 | 1,96070873823104 |
 | 1055 | -1,0314701565625 | 1,96070873823104 |
 | 1056 | -0,482701893072047 | 1,96070873823104 |
 | 1057 | -1,01713929155901 | 1,96070873823104 |
 | 1058 | 0,292492179331583 | 1,96070873823104 |
 | 1059 | 0,380555598855106 | 1,96070873823104 |
 | 1060 | -0,066300150804583 | 1,96070873823104 |
 | 1061 | 0,66716137817769 | 1,96070873823104 |
 | 1062 | -0,0713883117092269 | 1,96070873823104 |
 | 1063 | 0,858259602261857 | 1,96070873823104 |
 | 1064 | -0,192527161808808 | 1,96070873823104 |
 | 1065 | 0,564239816572243 | 1,96070873823104 |
 | 1066 | 0,203766807507566 | 1,96070873823104 |
 | 1067 | 1,46915599661391 | 1,96070873823104 |
 | 1068 | -0,0212416695237083 | 1,96070873823104 |
 | 1069 | 1,1464958283175 | 1,96070873823104 |
 | 1070 | -0,196036919433679 | 1,96070873823104 |
 | 1071 | 1,22679324086 | 1,96070873823104 |
 | 1072 | -0,380470932874571 | 1,96070873823104 |
 | 1073 | 0,379727513236918 | 1,96070873823104 |
 | 1074 | 1,11271101117759 | 1,96070873823104 |
 | 1075 | -1,0314701565625 | 1,96070873823104 |
 | 1076 | -0,482701893072047 | 1,96070873823104 |
 | 1077 | -1,01713929155901 | 1,96070873823104 |
 | 1078 | 0,292492179331583 | 1,96070873823104 |
 | 1079 | 0,380555598855106 | 1,96070873823104 |
 | 1080 | -0,066300150804583 | 1,96070873823104 |
 | 1081 | 0,66716137817769 | 1,96070873823104 |
 | 1082 | -0,0713883117092269 | 1,96070873823104 |
 | 1083 | 0,858259602261857 | 1,96070873823104 |
 | 1084 | -0,192527161808808 | 1,96070873823104 |
 | 1085 | 0,564239816572243 | 1,96070873823104 |
 | 1086 | 0,203766807507566 | 1,96070873823104 |
 | 1087 | 1,46915599661391 | 1,96070873823104 |
 | 1088 | -0,0212416695237083 | 1,96070873823104 |
 | 1089 | 1,1464958283175 | 1,96070873823104 |
 | 1090 | -0,196036919433679 | 1,96070873823104 |
 | 1091 | 1,22679324086 | 1,96070873823104 |
 | 1092 | -0,380470932874571 | 1,96070873823104 |
 | 1093 | 0,379727513236918 | 1,96070873823104 |
 | 1094 | 1,11271101117759 | 1,96070873823104 |
 | 1095 | -1,0314701565625 | 1,96070873823104 |
 | 1096 | -0,482701893072047 | 1,96070873823104 |
 | 1097 | -1,01713929155901 | 1,96070873823104 |
 | 1098 | 0,292492179331583 | 1,96070873823104 |
 | 1099 | 0,380555598855106 | 1,96070873823104 |
 | 1100 | -0,066300150804583 | 1,96070873823104 |
 | 1101 | 0,66716137817769 | 1,96070873823104 |
 | 1102 | -0,0713883117092269 | 1,96070873823104 |
 | 1103 | 0,858259602261857 | 1,96070873823104 |
 | 1104 | -0,192527161808808 | 1,96070873823104 |
 | 1105 | 0,564239816572243 | 1,96070873823104 |
 | 1106 | 0,203766807507566 | 1,96070873823104 |
 | 1107 | 1,46915599661391 | 1,96070873823104 |
 | 1108 | -0,0212416695237083 | 1,96070873823104 |
 | 1109 | 1,1464958283175 | 1,96070873823104 |
 | 1110 | -0,196036919433679 | 1,96070873823104 |
 | 1111 | 1,22679324086 | 1,96070873823104 |
 | 1112 | -0,380470932874571 | 1,96070873823104 |
 | 1113 | 0,379727513236918 | 1,96070873823104 |
 | 1114 | 1,11271101117759 | 1,96070873823104 |
 | 1115 | -1,0314701565625 | 1,96070873823104 |
 | 1116 | -0,482701893072047 | 1,96070873823104 |
 | 1117 | -1,01713929155901 | 1,96070873823104 |
 | 1118 | 0,292492179331583 | 1,96070873823104 |
 | 1119 | 0,380555598855106 | 1,96070873823104 |
 | 1120 | -0,066300150804583 | 1,96070873823104 |
 | 1121 | 0,66716137817769 | 1,96070873823104 |
 | 1122 | -0,0713883117092269 | 1,96070873823104 |
 | 1123 | 0,858259602261857 | 1,96070873823104 |
 | 1124 | -0,192527161808808 | 1,96070873823104 |
 | 1125 | 0,564239816572243 | 1,96070873823104 |
 | 1126 | 0,203766807507566 | 1,96070873823104 |
 | 1127 | 1,46915599661391 | 1,96070873823104 |
 | 1128 | -0,0212416695237083 | 1,96070873823104 |
 | 1129 | 1,1464958283175 | 1,96070873823104 |
 | 1130 | -0,196036919433679 | 1,96070873823104 |
 | 1131 | 1,22679324086 | 1,96070873823104 |
 | 1132 | -0,380470932874571 | 1,96070873823104 |
 | 1133 | 0,379727513236918 | 1,96070873823104 |
 | 1134 | 1,11271101117759 | 1,96070873823104 |
 | 1135 | -1,0314701565625 | 1,96070873823104 |
 | 1136 | -0,482701893072047 | 1,96070873823104 |
 | 1137 | -1,01713929155901 | 1,96070873823104 |
 | 1138 | 0,292492179331583 | 1,96070873823104 |
 | 1139 | 0,380555598855106 | 1,96070873823104 |
 | 1140 | -0,066300150804583 | 1,96070873823104 |
 | 1141 | 0,66716137817769 | 1,96070873823104 |
 | 1142 | -0,0713883117092269 | 1,96070873823104 |
 | 1143 | 0,858259602261857 | 1,96070873823104 |
 | 1144 | -0,192527161808808 | 1,96070873823104 |
 | 1145 | 0,564239816572243 | 1,96070873823104 |
 | 1146 | 0,203766807507566 | 1,96070873823104 |
 | 1147 | 1,46915599661391 | 1,96070873823104 |
 | 1148 | -0,0212416695237083 | 1,96070873823104 |
 | 1149 | 1,1464958283175 | 1,96070873823104 |
 | 1150 | -0,196036919433679 | 1,96070873823104 |
 | 1151 | 1,22679324086 | 1,96070873823104 |
 | 1152 | -0,380470932874571 | 1,96070873823104 |
 | 1153 | 0,379727513236918 | 1,96070873823104 |
 | 1154 | 1,11271101117759 | 1,96070873823104 |
 | 1155 | -1,0314701565625 | 1,96070873823104 |
 | 1156 | -0,482701893072047 | 1,96070873823104 |
 | 1157 | -1,01713929155901 | 1,96070873823104 |
 | 1158 | 0,292492179331583 | 1,96070873823104 |
 | 1159 | 0,380555598855106 | 1,96070873823104 |
 | 1160 | -0,066300150804583 | 1,96070873823104 |
 | 1161 | 0,66716137817769 | 1,96070873823104 |
 | 1162 | -0,0713883117092269 | 1,96070873823104 |
 | 1163 | 0,858259602261857 | 1,96070873823104 |
 | 1164 | -0,192527161808808 | 1,96070873823104 |
 | 1165 | 0,564239816572243 | 1,96070873823104 |
 | 1166 | 0,203766807507566 | 1,96070873823104 |
 | 1167 | 1,46915599661391 | 1,96070873823104 |
 | 1168 | -0,0212416695237083 | 1,96070873823104 |
 | 1169 | 1,1464958283175 | 1,96070873823104 |
 | 1170 | -0,196036919433679 | 1,96070873823104 |
 | 1171 | 1,22679324086 | 1,96070873823104 |
 | 1172 | -0,380470932874571 | 1,96070873823104 |
 | 1173 | 0,379727513236918 | 1,96070873823104 |
 | 1174 | 1,11271101117759 | 1,96070873823104 |
 | 1175 | -1,0314701565625 | 1,96070873823104 |
 | 1176 | -0,482701893072047 | 1,96070873823104 |
 | 1177 | -1,01713929155901 | 1,96070873823104 |
 | 1178 | 0,292492179331583 | 1,96070873823104 |
 | 1179 | 0,380555598855106 | 1,96070873823104 |
 | 1180 | -0,066300150804583 | 1,96070873823104 |
 | 1181 | 0,66716137817769 | 1,96070873823104 |
 | 1182 | -0,0713883117092269 | 1,96070873823104 |
 | 1183 | 0,858259602261857 | 1,96070873823104 |
 | 1184 | -0,192527161808808 | 1,96070873823104 |
 | 1185 | 0,564239816572243 | 1,96070873823104 |
 | 1186 | 0,203766807507566 | 1,96070873823104 |
 | 1187 | 1,46915599661391 | 1,96070873823104 |
 | 1188 | -0,0212416695237083 | 1,96070873823104 |
 | 1189 | 1,1464958283175 | 1,96070873823104 |
 | 1190 | -0,196036919433679 | 1,96070873823104 |
 | 1191 | 1,22679324086 | 1,96070873823104 |
 | 1192 | -0,380470932874571 | 1,96070873823104 |
 | 1193 | 0,379727513236918 | 1,96070873823104 |
 | 1194 | 1,11271101117759 | 1,96070873823104 |
 | 1195 | -1,0314701565625 | 1,96070873823104 |
 | 1196 | -0,482701893072047 | 1,96070873823104 |
 | 1197 | -1,01713929155901 | 1,96070873823104 |
 | 1198 | 0,292492179331583 | 1,96070873823104 |
 | 1199 | 0,380555598855106 | 1,96070873823104 |
 | 1200 | -0,066300150804583 | 1,96070873823104 |
 | 1201 | 0,66716137817769 | 1,96070873823104 |
 | 1202 | -0,0713883117092269 | 1,96070873823104 |
 | 1203 | 0,858259602261857 | 1,96070873823104 |
 | 1204 | -0,192527161808808 | 1,96070873823104 |
 | 1205 | 0,564239816572243 | 1,96070873823104 |
 | 1206 | 0,203766807507566 | 1,96070873823104 |
 | 1207 | 1,46915599661391 | 1,96070873823104 |
 | 1208 | -0,0212416695237083 | 1,96070873823104 |
 | 1209 | 1,1464958283175 | 1,96070873823104 |
 | 1210 | -0,196036919433679 | 1,96070873823104 |
 | 1211 | 1,22679324086 | 1,96070873823104 |
 | 1212 | -0,380470932874571 | 1,96070873823104 |
 | 1213 | 0,379727513236918 | 1,96070873823104 |
 | 1214 | 1,11271101117759 | 1,96070873823104 |
 | 1215 | -1,0314701565625 | 1,96070873823104 |
 | 1216 | -0,482701893072047 | 1,96070873823104 |
 | 1217 | -1,01713929155901 | 1,96070873823104 |
 | 1218 | 0,292492179331583 | 1,96070873823104 |
 | 1219 | 0,380555598855106 | 1,96070873823104 |
 | 1220 | -0,066300150804583 | 1,96070873823104 |
 | 1221 | 0,66716137817769 | 1,96070873823104 |
 | 1222 | -0,0713883117092269 | 1,96070873823104 |
 | 1223 | 0,858259602261857 | 1,96070873823104 |
 | 1224 | -0,192527161808808 | 1,96070873823104 |
 | 1225 | 0,564239816572243 | 1,96070873823104 |
 | 1226 | 0,203766807507566 | 1,96070873823104 |
 | 1227 | 1,46915599661391 | 1,96070873823104 |
 | 1228 | -0,0212416695237083 | 1,96070873823104 |
 | 1229 | 1,1464958283175 | 1,96070873823104 |
 | 1230 | -0,196036919433679 | 1,96070873823104 |
 | 1231 | 1,22679324086 | 1,96070873823104 |
 | 1232 | -0,380470932874571 | 1,96070873823104 |
 | 1233 | 0,379727513236918 | 1,96070873823104 |
 | 1234 | 1,11271101117759 | 1,96070873823104 |
 | 1235 | -1,0314701565625 | 1,96070873823104 |
 | 1236 | -0,482701893072047 | 1,96070873823104 |
 | 1237 | -1,01713929155901 | 1,96070873823104 |
 | 1238 | 0,292492179331583 | 1,96070873823104 |
 | 1239 | 0,380555598855106 | 1,96070873823104 |
 | 1240 | -0,066300150804583 | 1,96070873823104 |
 | 1241 | 0,66716137817769 | 1,96070873823104 |
 | 1242 | -0,0713883117092269 | 1,96070873823104 |
 | 1243 | 0,858259602261857 | 1,96070873823104 |
 | 1244 | -0,192527161808808 | 1,96070873823104 |
 | 1245 | 0,564239816572243 | 1,96070873823104 |
 | 1246 | 0,203766807507566 | 1,96070873823104 |
 | 1247 | 1,46915599661391 | 1,96070873823104 |
 | 1248 | -0,0212416695237083 | 1,96070873823104 |
 | 1249 | 1,1464958283175 | 1,96070873823104 |
 | 1250 | -0,196036919433679 | 1,96070873823104 |
 | 1251 | 1,22679324086 | 1,96070873823104 |
 | 1252 | -0,380470932874571 | 1,96070873823104 |
 | 1253 | 0,379727513236918 | 1,96070873823104 |
 | 1254 | 1,11271101117759 | 1,96070873823104 |
 | 1255 | -1,0314701565625 | 1,96070873823104 |
 | 1256 | -0,482701893072047 | 1,96070873823104 |
 | 1257 | -1,01713929155901 | 1,96070873823104 |
 | 1258 | 0,292492179331583 | 1,96070873823104 |
 | 1259 | 0,380555598855106 | 1,96070873823104 |
 | 1260 | -0,066300150804583 | 1,96070873823104 |
 | 1261 | 0,66716137817769 | 1,96070873823104 |
 | 1262 | -0,0713883117092269 | 1,96070873823104 |
 | 1263 | 0,858259602261857 | 1,96070873823104 |
 | 1264 | -0,192527161808808 | 1,96070873823104 |
 | 1265 | 0,564239816572243 | 1,96070873823104 |
 | 1266 | 0,203766807507566 | 1,96070873823104 |
 | 1267 | 1,46915599661391 | 1,96070873823104 |
 | 1268 | -0,0212416695237083 | 1,96070873823104 |
 | 1269 | 1,1464958283175 | 1,96070873823104 |
 | 1270 | -0,196036919433679 | 1,96070873823104 |
 | 1271 | 1,22679324086 | 1,96070873823104 |
 | 1272 | -0,380470932874571 | 1,96070873823104 |
 | 1273 | 0,379727513236918 | 1,96070873823104 |
 | 1274 | 1,11271101117759 | 1,96070873823104 |
 | 1275 | -1,0314701565625 | 1,96070873823104 |
 | 1276 | -0,482701893072047 | 1,96070873823104 |
 | 1277 | -1,01713929155901 | 1,96070873823104 |
 | 1278 | 0,292492179331583 | 1,96070873823104 |
 | 1279 | 0,380555598855106 | 1,96070873823104 |
 | 1280 | -0,066300150804583 | 1,96070873823104 |
 | 1281 | 0,66716137817769 | 1,96070873823104 |
 | 1282 | -0,0713883117092269 | 1,96070873823104 |
 | 1283 | 0,858259602261857 | 1,96070873823104 |
 | 1284 | -0,192527161808808 | 1,96070873823104 |
 | 1285 | 0,564239816572243 | 1,96070873823104 |
 | 1286 | 0,203766807507566 | 1,96070873823104 |
 | 1287 | 1,46915599661391 | 1,96070873823104 |
 | 1288 | -0,0212416695237083 | 1,96070873823104 |
 | 1289 | 1,1464958283175 | 1,96070873823104 |
 | 1290 | -0,196036919433679 | 1,96070873823104 |
 | 1291 | 1,22679324086 | 1,96070873823104 |
 | 1292 | -0,380470932874571 | 1,96070873823104 |
 | 1293 | 0,379727513236918 | 1,96070873823104 |
 | 1294 | 1,11271101117759 | 1,96070873823104 |
 | 1295 | -1,0314701565625 | 1,96070873823104 |
 | 1296 | -0,482701893072047 | 1,96070873823104 |
 | 1297 | -1,01713929155901 | 1,96070873823104 |
 | 1298 | 0,292492179331583 | 1,96070873823104 |
 | 1299 | 0,380555598855106 | 1,96070873823104 |
 | 1300 | -0,066300150804583 | 1,96070873823104 |
 | 1301 | 0,66716137817769 | 1,96070873823104 |
 | 1302 | -0,0713883117092269 | 1,96070873823104 |
 | 1303 | 0,858259602261857 | 1,96070873823104 |
 | 1304 | -0,192527161808808 | 1,96070873823104 |
 | 1305 | 0,564239816572243 | 1,96070873823104 |
 | 1306 | 0,203766807507566 | 1,96070873823104 |
 | 1307 | 1,46915599661391 | 1,96070873823104 |
 | 1308 | -0,0212416695237083 | 1,96070873823104 |
 | 1309 | 1,1464958283175 | 1,96070873823104 |
 | 1310 | -0,196036919433679 | 1,96070873823104 |
 | 1311 | 1,22679324086 | 1,96070873823104 |
 | 1312 | -0,380470932874571 | 1,96070873823104 |
 | 1313 | 0,379727513236918 | 1,96070873823104 |
 | 1314 | 1,11271101117759 | 1,96070873823104 |
 | 1315 | -1,0314701565625 | 1,96070873823104 |
 | 1316 | -0,482701893072047 | 1,96070873823104 |
 | 1317 | -1,01713929155901 | 1,96070873823104 |
 | 1318 | 0,292492179331583 | 1,96070873823104 |
 | 1319 | 0,380555598855106 | 1,96070873823104 |
 | 1320 | -0,066300150804583 | 1,96070873823104 |
 | 1321 | 0,66716137817769 | 1,96070873823104 |
 | 1322 | -0,0713883117092269 | 1,96070873823104 |
 | 1323 | 0,858259602261857 | 1,96070873823104 |
 | 1324 | -0,192527161808808 | 1,96070873823104 |
 | 1325 | 0,564239816572243 | 1,96070873823104 |
 | 1326 | 0,203766807507566 | 1,96070873823104 |
 | 1327 | 1,46915599661391 | 1,96070873823104 |
 | 1328 | -0,0212416695237083 | 1,96070873823104 |
 | 1329 | 1,1464958283175 | 1,96070873823104 |
 | 1330 | -0,196036919433679 | 1,96070873823104 |
 | 1331 | 1,22679324086 | 1,96070873823104 |
 | 1332 | -0,380470932874571 | 1,96070873823104 |
 | 1333 | 0,379727513236918 | 1,96070873823104 |
 | 1334 | 1,11271101117759 | 1,96070873823104 |
 | 1335 | -1,0314701565625 | 1,96070873823104 |
 | 1336 | -0,482701893072047 | 1,96070873823104 |
 | 1337 | -1,01713929155901 | 1,96070873823104 |
 | 1338 | 0,292492179331583 | 1,96070873823104 |
 | 1339 | 0,380555598855106 | 1,96070873823104 |
 | 1340 | -0,066300150804583 | 1,96070873823104 |
 | 1341 | 0,66716137817769 | 1,96070873823104 |
 | 1342 | -0,0713883117092269 | 1,96070873823104 |
 | 1343 | 0,858259602261857 | 1,96070873823104 |
 | 1344 | -0,192527161808808 | 1,96070873823104 |
 | 1345 | 0,564239816572243 | 1,96070873823104 |
 | 1346 | 0,203766807507566 | 1,96070873823104 |
 | 1347 | 1,46915599661391 | 1,96070873823104 |
 | 1348 | -0,0212416695237083 | 1,96070873823104 |
 | 1349 | 1,1464958283175 | 1,96070873823104 |
 | 1350 | -0,196036919433679 | 1,96070873823104 |
 | 1351 | 1,22679324086 | 1,96070873823104 |
 | 1352 | -0,380470932874571 | 1,96070873823104 |
 | 1353 | 0,379727513236918 | 1,96070873823104 |
 | 1354 | 1,11271101117759 | 1,96070873823104 |
 | 1355 | -1,0314701565625 | 1,96070873823104 |
 | 1356 | -0,482701893072047 | 1,96070873823104 |
 | 1357 | -1,01713929155901 | 1,96070873823104 |
 | 1358 | 0,292492179331583 | 1,96070873823104 |
 | 1359 | 0,380555598855106 | 1,96070873823104 |
 | 1360 | -0,066300150804583 | 1,96070873823104 |
 | 1361 | 0,66716137817769 | 1,96070873823104 |
 | 1362 | -0,0713883117092269 | 1,96070873823104 |
 | 1363 | 0,858259602261857 | 1,96070873823104 |
 | 1364 | -0,192527161808808 | 1,96070873823104 |
 | 1365 | 0,564239816572243 | 1,96070873823104 |
 | 1366 | 0,203766807507566 | 1,96070873823104 |
 | 1367 | 1,46915599661391 | 1,96070873823104 |
 | 1368 | -0,0212416695237083 | 1,96070873823104 |
 | 1369 | 1,1464958283175 | 1,96070873823104 |
 | 1370 | -0,196036919433679 | 1,96070873823104 |
 | 1371 | 1,22679324086 | 1,96070873823104 |
 | 1372 | -0,380470932874571 | 1,96070873823104 |
 | 1373 | 0,379727513236918 | 1,96070873823104 |
 | 1374 | 1,11271101117759 | 1,96070873823104 |
 | 1375 | -1,0314701565625 | 1,96070873823104 |
 | 1376 | -0,482701893072047 | 1,96070873823104 |
 | 1377 | -1,01713929155901 | 1,96070873823104 |
 | 1378 | 0,292492179331583 | 1,96070873823104 |
 | 1379 | 0,380555598855106 | 1,96070873823104 |
 | 1380 | -0,066300150804583 | 1,96070873823104 |
 | 1381 | 0,66716137817769 | 1,96070873823104 |
 | 1382 | -0,0713883117092269 | 1,96070873823104 |
 | 1383 | 0,858259602261857 | 1,96070873823104 |
 | 1384 | -0,192527161808808 | 1,96070873823104 |
 | 1385 | 0,564239816572243 | 1,96070873823104 |
 | 1386 | 0,203766807507566 | 1,96070873823104 |
 | 1387 | 1,46915599661391 | 1,96070873823104 |
 | 1388 | -0,0212416695237083 | 1,96070873823104 |
 | 1389 | 1,1464958283175 | 1,96070873823104 |
 | 1390 | -0,196036919433679 | 1,96070873823104 |
 | 1391 | 1,22679324086 | 1,96070873823104 |
 | 1392 | -0,380470932874571 | 1,96070873823104 |
 | 1393 | 0,379727513236918 | 1,96070873823104 |
 | 1394 | 1,11271101117759 | 1,96070873823104 |
 | 1395 | -1,0314701565625 | 1,96070873823104 |
 | 1396 | -0,482701893072047 | 1,96070873823104 |
 | 1397 | -1,01713929155901 | 1,96070873823104 |
 | 1398 | 0,292492179331583 | 1,96070873823104 |
 | 1399 | 0,380555598855106 | 1,96070873823104 |
 | 1400 | -0,066300150804583 | 1,96070873823104 |
 | 1401 | 0,66716137817769 | 1,96070873823104 |
 | 1402 | -0,0713883117092269 | 1,96070873823104 |
 | 1403 | 0,858259602261857 | 1,96070873823104 |
 | 1404 | -0,192527161808808 | 1,96070873823104 |
 | 1405 | 0,564239816572243 | 1,96070873823104 |
 | 1406 | 0,203766807507566 | 1,96070873823104 |
 | 1407 | 1,46915599661391 | 1,96070873823104 |
 | 1408 | -0,0212416695237083 | 1,96070873823104 |
 | 1409 | 1,1464958283175 | 1,96070873823104 |
 | 1410 | -0,196036919433679 | 1,96070873823104 |
 | 1411 | 1,22679324086 | 1,96070873823104 |
 | 1412 | -0,380470932874571 | 1,96070873823104 |
 | 1413 | 0,379727513236918 | 1,96070873823104 |
 | 1414 | 1,11271101117759 | 1,96070873823104 |
 | 1415 | -1,0314701565625 | 1,96070873823104 |
 | 1416 | -0,482701893072047 | 1,96070873823104 |
 | 1417 | -1,01713929155901 | 1,96070873823104 |
 | 1418 | 0,292492179331583 | 1,96070873823104 |
 | 1419 | 0,380555598855106 | 1,96070873823104 |
 | 1420 | -0,066300150804583 | 1,96070873823104 |
 | 1421 | 0,66716137817769 | 1,96070873823104 |
 | 1422 | -0,0713883117092269 | 1,96070873823104 |
 | 1423 | 0,858259602261857 | 1,96070873823104 |
 | 1424 | -0,192527161808808 | 1,96070873823104 |
 | 1425 | 0,564239816572243 | 1,96070873823104 |
 | 1426 | 0,203766807507566 | 1,96070873823104 |
 | 1427 | 1,46915599661391 | 1,96070873823104 |
 | 1428 | -0,0212416695237083 | 1,96070873823104 |
 | 1429 | 1,1464958283175 | 1,96070873823104 |
 | 1430 | -0,196036919433679 | 1,96070873823104 |
 | 1431 | 1,22679324086 | 1,96070873823104 |
 | 1432 | -0,380470932874571 | 1,96070873823104 |
 | 1433 | 0,379727513236918 | 1,96070873823104 |
 | 1434 | 1,11271101117759 | 1,96070873823104 |
 | 1435 | -1,0314701565625 | 1,96070873823104 |
 | 1436 | -0,482701893072047 | 1,96070873823104 |
 | 1437 | -1,01713929155901 | 1,96070873823104 |
 | 1438 | 0,292492179331583 | 1,96070873823104 |
 | 1439 | 0,380555598855106 | 1,96070873823104 |
 | 1440 | -0,066300150804583 | 1,96070873823104 |
 | 1441 | 0,66716137817769 | 1,96070873823104 |
 | 1442 | -0,0713883117092269 | 1,96070873823104 |
 | 1443 | 0,858259602261857 | 1,96070873823104 |
 | 1444 | -0,192527161808808 | 1,96070873823104 |
 | 1445 | 0,564239816572243 | 1,96070873823104 |
 | 1446 | 0,203766807507566 | 1,96070873823104 |
 | 1447 | 1,46915599661391 | 1,96070873823104 |
 | 1448 | -0,0212416695237083 | 1,96070873823104 |
 | 1449 | 1,1464958283175 | 1,96070873823104 |
 | 1450 | -0,196036919433679 | 1,96070873823104 |
 | 1451 | 1,22679324086 | 1,96070873823104 |
 | 1452 | -0,380470932874571 | 1,96070873823104 |
 | 1453 | 0,379727513236918 | 1,96070873823104 |
 | 1454 | 1,11271101117759 | 1,96070873823104 |
 | 1455 | -1,0314701565625 | 1,96070873823104 |
 | 1456 | -0,482701893072047 | 1,96070873823104 |
 | 1457 | -1,01713929155901 | 1,96070873823104 |
 | 1458 | 0,292492179331583 | 1,96070873823104 |
 | 1459 | 0,380555598855106 | 1,96070873823104 |
 | 1460 | -0,066300150804583 | 1,96070873823104 |
 | 1461 | 0,66716137817769 | 1,96070873823104 |
 | 1462 | -0,0713883117092269 | 1,96070873823104 |
 | 1463 | 0,858259602261857 | 1,96070873823104 |
 | 1464 | -0,192527161808808 | 1,96070873823104 |
 | 1465 | 0,564239816572243 | 1,96070873823104 |
 | 1466 | 0,203766807507566 | 1,96070873823104 |
 | 1467 | 1,46915599661391 | 1,96070873823104 |
 | 1468 | -0,0212416695237083 | 1,96070873823104 |
 | 1469 | 1,1464958283175 | 1,96070873823104 |
 | 1470 | -0,196036919433679 | 1,96070873823104 |
 | 1471 | 1,22679324086 | 1,96070873823104 |
 | 1472 | -0,380470932874571 | 1,96070873823104 |
 | 1473 | 0,379727513236918 | 1,96070873823104 |
 | 1474 | 1,11271101117759 | 1,96070873823104 |
 | 1475 | -1,0314701565625 | 1,96070873823104 |
 | 1476 | -0,482701893072047 | 1,96070873823104 |
 | 1477 | -1,01713929155901 | 1,96070873823104 |
 | 1478 | 0,292492179331583 | 1,96070873823104 |
 | 1479 | 0,380555598855106 | 1,96070873823104 |
 | 1480 | -0,066300150804583 | 1,96070873823104 |
 | 1481 | 0,66716137817769 | 1,96070873823104 |
 | 1482 | -0,0713883117092269 | 1,96070873823104 |
 | 1483 | 0,858259602261857 | 1,96070873823104 |
 | 1484 | -0,192527161808808 | 1,96070873823104 |
 | 1485 | 0,564239816572243 | 1,96070873823104 |
 | 1486 | 0,203766807507566 | 1,96070873823104 |
 | 1487 | 1,46915599661391 | 1,96070873823104 |
 | 1488 | -0,0212416695237083 | 1,96070873823104 |
 | 1489 | 1,1464958283175 | 1,96070873823104 |
 | 1490 | -0,196036919433679 | 1,96070873823104 |
 | 1491 | 1,22679324086 | 1,96070873823104 |
 | 1492 | -0,380470932874571 | 1,96070873823104 |
 | 1493 | 0,379727513236918 | 1,96070873823104 |
 | 1494 | 1,11271101117759 | 1,96070873823104 |
 | 1495 | -1,0314701565625 | 1,96070873823104 |
 | 1496 | -0,482701893072047 | 1,96070873823104 |
 | 1497 | -1,01713929155901 | 1,96070873823104 |
 | 1498 | 0,292492179331583 | 1,96070873823104 |
 | 1499 | 0,380555598855106 | 1,96070873823104 |
 | 1500 | -0,066300150804583 | 1,96070873823104 |
 | 1501 | 0,66716137817769 | 1,96070873823104 |
 | 1502 | -0,0713883117092269 | 1,96070873823104 |
 | 1503 | 0,858259602261857 | 1,96070873823104 |
 | 1504 | -0,192527161808808 | 1,96070873823104 |
 | 1505 | 0,564239816572243 | 1,96070873823104 |
 | 1506 | 0,203766807507566 | 1,96070873823104 |
 | 1507 | 1,46915599661391 | 1,96070873823104 |
 | 1508 | -0,0212416695237083 | 1,96070873823104 |
 | 1509 | 1,1464958283175 | 1,96070873823104 |
 | 1510 | -0,196036919433679 | 1,96070873823104 |
 | 1511 | 1,22679324086 | 1,96070873823104 |
 | 1512 | -0,380470932874571 | 1,96070873823104 |
 | 1513 | 0,379727513236918 | 1,96070873823104 |
 | 1514 | 1,11271101117759 | 1,96070873823104 |
 | 1515 | -1,0314701565625 | 1,96070873823104 |
 | 1516 | -0,482701893072047 | 1,96070873823104 |
 | 1517 | -1,01713929155901 | 1,96070873823104 |
 | 1518 | 0,292492179331583 | 1,96070873823104 |
 | 1519 | 0,380555598855106 | 1,96070873823104 |
 | 1520 | -0,066300150804583 | 1,96070873823104 |
 | 1521 | 0,66716137817769 | 1,96070873823104 |
 | 1522 | -0,0713883117092269 | 1,96070873823104 |
 | 1523 | 0,858259602261857 | 1,96070873823104 |
 | 1524 | -0,192527161808808 | 1,96070873823104 |
 | 1525 | 0,564239816572243 | 1,96070873823104 |
 | 1526 | 0,203766807507566 | 1,96070873823104 |
 | 1527 | 1,46915599661391 | 1,96070873823104 |
 | 1528 | -0,0212416695237083 | 1,96070873823104 |
 | 1529 | 1,1464958283175 | 1,96070873823104 |
 | 1530 | -0,196036919433679 | 1,96070873823104 |
 | 1531 | 1,22679324086 | 1,96070873823104 |
 | 1532 | -0,380470932874571 | 1,96070873823104 |
 | 1533 | 0,379727513236918 | 1,96070873823104 |
 | 1534 | 1,11271101117759 | 1,96070873823104 |
 | 1535 | -1,0314701565625 | 1,96070873823104 |
 | 1536 | -0,482701893072047 | 1,96070873823104 |
 | 1537 | -1,01713929155901 | 1,96070873823104 |
 | 1538 | 0,292492179331583 | 1,96070873823104 |
 | 1539 | 0,380555598855106 | 1,96070873823104 |
 | 1540 | -0,066300150804583 | 1,96070873823104 |
 | 1541 | 0,66716137817769 | 1,96070873823104 |
 | 1542 | -0,0713883117092269 | 1,96070873823104 |
 | 1543 | 0,858259602261857 | 1,96070873823104 |
 | 1544 | -0,192527161808808 | 1,96070873823104 |
 | 1545 | 0,564239816572243 | 1,96070873823104 |
 | 1546 | 0,203766807507566 | 1,96070873823104 |
 | 1547 | 1,46915599661391 | 1,96070873823104 |
 | 1548 | -0,0212416695237083 | 1,96070873823104 |
 | 1549 | 1,1464958283175 | 1,96070873823104 |
 | 1550 | -0,196036919433679 | 1,96070873823104 |
 | 1551 | 1,22679324086 | 1,96070873823104 |
 | 1552 | -0,380470932874571 | 1,96070873823104 |
 | 1553 | 0,379727513236918 | 1,96070873823104 |
 | 1554 | 1,11271101117759 | 1,96070873823104 |
 | 1555 | -1,0314701565625 | 1,96070873823104 |
 | 1556 | -0,482701893072047 | 1,96070873823104 |
 | 1557 | -1,01713929155901 | 1,96070873823104 |
 | 1558 | 0,292492179331583 | 1,96070873823104 |
 | 1559 | 0,380555598855106 | 1,96070873823104 |
 | 1560 | -0,066300150804583 | 1,96070873823104 |
 | 1561 | 0,66716137817769 | 1,96070873823104 |
 | 1562 | -0,0713883117092269 | 1,96070873823104 |
 | 1563 | 0,858259602261857 | 1,96070873823104 |
 | 1564 | -0,192527161808808 | 1,96070873823104 |
 | 1565 | 0,564239816572243 | 1,96070873823104 |
 | 1566 | 0,203766807507566 | 1,96070873823104 |
 | 1567 | 1,46915599661391 | 1,96070873823104 |
 | 1568 | -0,0212416695237083 | 1,96070873823104 |
 | 1569 | 1,1464958283175 | 1,96070873823104 |
 | 1570 | -0,196036919433679 | 1,96070873823104 |
 | 1571 | 1,22679324086 | 1,96070873823104 |
 | 1572 | -0,380470932874571 | 1,96070873823104 |
 | 1573 | 0,379727513236918 | 1,96070873823104 |
 | 1574 | 1,11271101117759 | 1,96070873823104 |
 | 1575 | -1,0314701565625 | 1,96070873823104 |
 | 1576 | -0,482701893072047 | 1,96070873823104 |
 | 1577 | -1,01713929155901 | 1,96070873823104 |
 | 1578 | 0,292492179331583 | 1,96070873823104 |
 | 1579 | 0,380555598855106 | 1,96070873823104 |
 | 1580 | -0,066300150804583 | 1,96070873823104 |
 | 1581 | 0,66716137817769 | 1,96070873823104 |
 | 1582 | -0,0713883117092269 | 1,96070873823104 |
 | 1583 | 0,858259602261857 | 1,96070873823104 |
 | 1584 | -0,192527161808808 | 1,96070873823104 |
 | 1585 | 0,564239816572243 | 1,96070873823104 |
 | 1586 | 0,203766807507566 | 1,96070873823104 |
 | 1587 | 1,46915599661391 | 1,96070873823104 |
 | 1588 | -0,0212416695237083 | 1,96070873823104 |
 | 1589 | 1,1464958283175 | 1,96070873823104 |
 | 1590 | -0,196036919433679 | 1,96070873823104 |
 | 1591 | 1,22679324086 | 1,96070873823104 |
 | 1592 | -0,380470932874571 | 1,96070873823104 |
 | 1593 | 0,379727513236918 | 1,96070873823104 |
 | 1594 | 1,11271101117759 | 1,96070873823104 |
 | 1595 | -1,0314701565625 | 1,96070873823104 |
 | 1596 | -0,482701893072047 | 1,96070873823104 |
 | 1597 | -1,01713929155901 | 1,96070873823104 |
 | 1598 | 0,292492179331583 | 1,96070873823104 |
 | 1599 | 0,380555598855106 | 1,96070873823104 |
 | 1600 | -0,066300150804583 | 1,96070873823104 |
 | 1601 | 0,66716137817769 | 1,96070873823104 |
 | 1602 | -0,0713883117092269 | 1,96070873823104 |
 | 1603 | 0,858259602261857 | 1,96070873823104 |
 | 1604 | -0,192527161808808 | 1,96070873823104 |
 | 1605 | 0,564239816572243 | 1,96070873823104 |
 | 1606 | 0,203766807507566 | 1,96070873823104 |
 | 1607 | 1,46915599661391 | 1,96070873823104 |
 | 1608 | -0,0212416695237083 | 1,96070873823104 |
 | 1609 | 1,1464958283175 | 1,96070873823104 |
 | 1610 | -0,196036919433679 | 1,96070873823104 |
 | 1611 | 1,22679324086 | 1,96070873823104 |
 | 1612 | -0,380470932874571 | 1,96070873823104 |
 | 1613 | 0,379727513236918 | 1,96070873823104 |
 | 1614 | 1,11271101117759 | 1,96070873823104 |
 | 1615 | -1,0314701565625 | 1,96070873823104 |
 | 1616 | -0,482701893072047 | 1,96070873823104 |
 | 1617 | -1,01713929155901 | 1,96070873823104 |
 | 1618 | 0,292492179331583 | 1,96070873823104 |
 | 1619 | 0,380555598855106 | 1,96070873823104 |
 | 1620 | -0,066300150804583 | 1,96070873823104 |
 | 1621 | 0,66716137817769 | 1,96070873823104 |
 | 1622 | -0,0713883117092269 | 1,96070873823104 |
 | 1623 | 0,858259602261857 | 1,96070873823104 |
 | 1624 | -0,192527161808808 | 1,96070873823104 |
 | 1625 | 0,564239816572243 | 1,96070873823104 |
 | 1626 | 0,203766807507566 | 1,96070873823104 |
 | 1627 | 1,46915599661391 | 1,96070873823104 |
 | 1628 | -0,0212416695237083 | 1,96070873823104 |
 | 1629 | 1,1464958283175 | 1,96070873823104 |
 | 1630 | -0,196036919433679 | 1,96070873823104 |
 | 1631 | 1,22679324086 | 1,96070873823104 |
 | 1632 | -0,380470932874571 | 1,96070873823104 |
 | 1633 | 0,379727513236918 | 1,96070873823104 |
 | 1634 | 1,11271101117759 | 1,96070873823104 |
 | 1635 | -1,0314701565625 | 1,96070873823104 |
 | 1636 | -0,482701893072047 | 1,96070873823104 |
 | 1637 | -1,01713929155901 | 1,96070873823104 |
 | 1638 | 0,292492179331583 | 1,96070873823104 |
 | 1639 | 0,380555598855106 | 1,96070873823104 |
 | 1640 | -0,066300150804583 | 1,96070873823104 |
 | 1641 | 0,66716137817769 | 1,96070873823104 |
 | 1642 | -0,0713883117092269 | 1,96070873823104 |
 | 1643 | 0,858259602261857 | 1,96070873823104 |
 | 1644 | -0,192527161808808 | 1,96070873823104 |
 | 1645 | 0,564239816572243 | 1,96070873823104 |
 | 1646 | 0,203766807507566 | 1,96070873823104 |
 | 1647 | 1,46915599661391 | 1,96070873823104 |
 | 1648 | -0,0212416695237083 | 1,96070873823104 |
 | 1649 | 1,1464958283175 | 1,96070873823104 |
 | 1650 | -0,196036919433679 | 1,96070873823104 |
 | 1651 | 1,22679324086 | 1,96070873823104 |
 | 1652 | -0,380470932874571 | 1,96070873823104 |
 | 1653 | 0,379727513236918 | 1,96070873823104 |
 | 1654 | 1,11271101117759 | 1,96070873823104 |
 | 1655 | -1,0314701565625 | 1,96070873823104 |
 | 1656 | -0,482701893072047 | 1,96070873823104 |
 | 1657 | -1,01713929155901 | 1,96070873823104 |
 | 1658 | 0,292492179331583 | 1,96070873823104 |
 | 1659 | 0,380555598855106 | 1,96070873823104 |
 | 1660 | -0,066300150804583 | 1,96070873823104 |
 | 1661 | 0,66716137817769 | 1,96070873823104 |
 | 1662 | -0,0713883117092269 | 1,96070873823104 |
 | 1663 | 0,858259602261857 | 1,96070873823104 |
 | 1664 | -0,192527161808808 | 1,96070873823104 |
 | 1665 | 0,564239816572243 | 1,96070873823104 |
 | 1666 | 0,203766807507566 | 1,96070873823104 |
 | 1667 | 1,46915599661391 | 1,96070873823104 |
 | 1668 | -0,0212416695237083 | 1,96070873823104 |
 | 1669 | 1,1464958283175 | 1,96070873823104 |
 | 1670 | -0,196036919433679 | 1,96070873823104 |
 | 1671 | 1,22679324086 | 1,96070873823104 |
 | 1672 | -0,380470932874571 | 1,96070873823104 |
 | 1673 | 0,379727513236918 | 1,96070873823104 |
 | 1674 | 1,11271101117759 | 1,96070873823104 |
 | 1675 | -1,0314701565625 | 1,96070873823104 |
 | 1676 | -0,482701893072047 | 1,96070873823104 |
 | 1677 | -1,01713929155901 | 1,96070873823104 |
 | 1678 | 0,292492179331583 | 1,96070873823104 |
 | 1679 | 0,380555598855106 | 1,96070873823104 |
 | 1680 | -0,066300150804583 | 1,96070873823104 |
 | 1681 | 0,66716137817769 | 1,96070873823104 |
 | 1682 | -0,0713883117092269 | 1,96070873823104 |
 | 1683 | 0,858259602261857 | 1,96070873823104 |
 | 1684 | -0,192527161808808 | 1,96070873823104 |
 | 1685 | 0,564239816572243 | 1,96070873823104 |
 | 1686 | 0,203766807507566 | 1,96070873823104 |
 | 1687 | 1,46915599661391 | 1,96070873823104 |
 | 1688 | -0,0212416695237083 | 1,96070873823104 |
 | 1689 | 1,1464958283175 | 1,96070873823104 |
 | 1690 | -0,196036919433679 | 1,96070873823104 |
 | 1691 | 1,22679324086 | 1,96070873823104 |
 | 1692 | -0,380470932874571 | 1,96070873823104 |
 | 1693 | 0,379727513236918 | 1,96070873823104 |
 | 1694 | 1,11271101117759 | 1,96070873823104 |
 | 1695 | -1,0314701565625 | 1,96070873823104 |
 | 1696 | -0,482701893072047 | 1,96070873823104 |
 | 1697 | -1,01713929155901 | 1,96070873823104 |
 | 1698 | 0,292492179331583 | 1,96070873823104 |
 | 1699 | 0,380555598855106 | 1,96070873823104 |
 | 1700 | -0,066300150804583 | 1,96070873823104 |
 | 1701 | 0,66716137817769 | 1,96070873823104 |
 | 1702 | -0,0713883117092269 | 1,96070873823104 |
 | 1703 | 0,858259602261857 | 1,96070873823104 |
 | 1704 | -0,192527161808808 | 1,96070873823104 |
 | 1705 | 0,564239816572243 | 1,96070873823104 |
 | 1706 | 0,203766807507566 | 1,96070873823104 |
 | 1707 | 1,46915599661391 | 1,96070873823104 |
 | 1708 | -0,0212416695237083 | 1,96070873823104 |
 | 1709 | 1,1464958283175 | 1,96070873823104 |
 | 1710 | -0,196036919433679 | 1,96070873823104 |
 | 1711 | 1,22679324086 | 1,96070873823104 |
 | 1712 | -0,380470932874571 | 1,96070873823104 |
 | 1713 | 0,379727513236918 | 1,96070873823104 |
 | 1714 | 1,11271101117759 | 1,96070873823104 |
 | 1715 | -1,0314701565625 | 1,96070873823104 |
 | 1716 | -0,482701893072047 | 1,96070873823104 |
 | 1717 | -1,01713929155901 | 1,96070873823104 |
 | 1718 | 0,292492179331583 | 1,96070873823104 |
 | 1719 | 0,380555598855106 | 1,96070873823104 |
 | 1720 | -0,066300150804583 | 1,96070873823104 |
 | 1721 | 0,66716137817769 | 1,96070873823104 |
 | 1722 | -0,0713883117092269 | 1,96070873823104 |
 | 1723 | 0,858259602261857 | 1,96070873823104 |
 | 1724 | -0,192527161808808 | 1,96070873823104 |
 | 1725 | 0,564239816572243 | 1,96070873823104 |
 | 1726 | 0,203766807507566 | 1,96070873823104 |
 | 1727 | 1,46915599661391 | 1,96070873823104 |
 | 1728 | -0,0212416695237083 | 1,96070873823104 |
 | 1729 | 1,1464958283175 | 1,96070873823104 |
 | 1730 | -0,196036919433679 | 1,96070873823104 |
 | 1731 | 1,22679324086 | 1,96070873823104 |
 | 1732 | -0,380470932874571 | 1,96070873823104 |
 | 1733 | 0,379727513236918 | 1,96070873823104 |
 | 1734 | 1,11271101117759 | 1,96070873823104 |
 | 1735 | -1,0314701565625 | 1,96070873823104 |
 | 1736 | -0,482701893072047 | 1,96070873823104 |
 | 1737 | -1,01713929155901 | 1,96070873823104 |
 | 1738 | 0,292492179331583 | 1,96070873823104 |
 | 1739 | 0,380555598855106 | 1,96070873823104 |
 | 1740 | -0,066300150804583 | 1,96070873823104 |
 | 1741 | 0,66716137817769 | 1,96070873823104 |
 | 1742 | -0,0713883117092269 | 1,96070873823104 |
 | 1743 | 0,858259602261857 | 1,96070873823104 |
 | 1744 | -0,192527161808808 | 1,96070873823104 |
 | 1745 | 0,564239816572243 | 1,96070873823104 |
 | 1746 | 0,203766807507566 | 1,96070873823104 |
 | 1747 | 1,46915599661391 | 1,96070873823104 |
 | 1748 | -0,0212416695237083 | 1,96070873823104 |
 | 1749 | 1,1464958283175 | 1,96070873823104 |
 | 1750 | -0,196036919433679 | 1,96070873823104 |
 | 1751 | 1,22679324086 | 1,96070873823104 |
 | 1752 | -0,380470932874571 | 1,96070873823104 |
 | 1753 | 0,379727513236918 | 1,96070873823104 |
 | 1754 | 1,11271101117759 | 1,96070873823104 |
 | 1755 | -1,0314701565625 | 1,96070873823104 |
 | 1756 | -0,482701893072047 | 1,96070873823104 |
 | 1757 | -1,01713929155901 | 1,96070873823104 |
 | 1758 | 0,292492179331583 | 1,96070873823104 |
 | 1759 | 0,380555598855106 | 1,96070873823104 |
 | 1760 | -0,066300150804583 | 1,96070873823104 |
 | 1761 | 0,66716137817769 | 1,96070873823104 |
 | 1762 | -0,0713883117092269 | 1,96070873823104 |
 | 1763 | 0,858259602261857 | 1,96070873823104 |
 | 1764 | -0,192527161808808 | 1,96070873823104 |
 | 1765 | 0,564239816572243 | 1,96070873823104 |
 | 1766 | 0,203766807507566 | 1,96070873823104 |
 | 1767 | 1,46915599661391 | 1,96070873823104 |
 | 1768 | -0,0212416695237083 | 1,96070873823104 |
 | 1769 | 1,1464958283175 | 1,96070873823104 |
 | 1770 | -0,196036919433679 | 1,96070873823104 |
 | 1771 | 1,22679324086 | 1,96070873823104 |
 | 1772 | -0,380470932874571 | 1,96070873823104 |
 | 1773 | 0,379727513236918 | 1,96070873823104 |
 | 1774 | 1,11271101117759 | 1,96070873823104 |
 | 1775 | -1,0314701565625 | 1,96070873823104 |
 | 1776 | -0,482701893072047 | 1,96070873823104 |
 | 1777 | -1,01713929155901 | 1,96070873823104 |
 | 1778 | 0,292492179331583 | 1,96070873823104 |
 | 1779 | 0,380555598855106 | 1,96070873823104 |
 | 1780 | -0,066300150804583 | 1,96070873823104 |
 | 1781 | 0,66716137817769 | 1,96070873823104 |
 | 1782 | -0,0713883117092269 | 1,96070873823104 |
 | 1783 | 0,858259602261857 | 1,96070873823104 |
 | 1784 | -0,192527161808808 | 1,96070873823104 |
 | 1785 | 0,564239816572243 | 1,96070873823104 |
 | 1786 | 0,203766807507566 | 1,96070873823104 |
 | 1787 | 1,46915599661391 | 1,96070873823104 |
 | 1788 | -0,0212416695237083 | 1,96070873823104 |
 | 1789 | 1,1464958283175 | 1,96070873823104 |
 | 1790 | -0,196036919433679 | 1,96070873823104 |
 | 1791 | 1,22679324086 | 1,96070873823104 |
 | 1792 | -0,380470932874571 | 1,96070873823104 |
 | 1793 | 0,379727513236918 | 1,96070873823104 |
 | 1794 | 1,11271101117759 | 1,96070873823104 |
 | 1795 | -1,0314701565625 | 1,96070873823104 |
 | 1796 | -0,482701893072047 | 1,96070873823104 |
 | 1797 | -1,01713929155901 | 1,96070873823104 |
 | 1798 | 0,292492179331583 | 1,96070873823104 |
 | 1799 | 0,380555598855106 | 1,96070873823104 |
 | 1800 | -0,066300150804583 | 1,96070873823104 |
 | 1801 | 0,66716137817769 | 1,96070873823104 |
 | 1802 | -0,0713883117092269 | 1,96070873823104 |
 | 1803 | 0,858259602261857 | 1,96070873823104 |
 | 1804 | -0,192527161808808 | 1,96070873823104 |
 | 1805 | 0,564239816572243 | 1,96070873823104 |
 | 1806 | 0,203766807507566 | 1,96070873823104 |
 | 1807 | 1,46915599661391 | 1,96070873823104 |
 | 1808 | -0,0212416695237083 | 1,96070873823104 |
 | 1809 | 1,1464958283175 | 1,96070873823104 |
 | 1810 | -0,196036919433679 | 1,96070873823104 |
 | 1811 | 1,22679324086 | 1,96070873823104 |
 | 1812 | -0,380470932874571 | 1,96070873823104 |
 | 1813 | 0,379727513236918 | 1,96070873823104 |
 | 1814 | 1,11271101117759 | 1,96070873823104 |
 | 1815 | -1,0314701565625 | 1,96070873823104 |
 | 1816 | -0,482701893072047 | 1,96070873823104 |
 | 1817 | -1,01713929155901 | 1,96070873823104 |
 | 1818 | 0,292492179331583 | 1,96070873823104 |
 | 1819 | 0,380555598855106 | 1,96070873823104 |
 | 1820 | -0,066300150804583 | 1,96070873823104 |
 | 1821 | 0,66716137817769 | 1,96070873823104 |
 | 1822 | -0,0713883117092269 | 1,96070873823104 |
 | 1823 | 0,858259602261857 | 1,96070873823104 |
 | 1824 | -0,192527161808808 | 1,96070873823104 |
 | 1825 | 0,564239816572243 | 1,96070873823104 |
 | 1826 | 0,203766807507566 | 1,96070873823104 |
 | 1827 | 1,46915599661391 | 1,96070873823104 |
 | 1828 | -0,0212416695237083 | 1,96070873823104 |
 | 1829 | 1,1464958283175 | 1,96070873823104 |
 | 1830 | -0,196036919433679 | 1,96070873823104 |
 | 1831 | 1,22679324086 | 1,96070873823104 |
 | 1832 | -0,380470932874571 | 1,96070873823104 |
 | 1833 | -0,799444412336894 | 1,96070873823104 |
 | 1834 | -0,621936450992218 | 1,96070873823104 |
 | 1835 | -0,0973593620026298 | 1,96070873823104 |
 | 1836 | -1,15174926386749 | 1,96070873823104 |
 | 1837 | 1,54837870212394 | 1,96070873823104 |
 | 1838 | 0,0338897099340249 | 1,96070873823104 |
 | 1839 | -0,329114701364055 | 1,96070873823104 |
 | 1840 | 1,21119559075936 | 1,96070873823104 |
 | 1841 | 0,378083497591411 | 1,96070873823104 |
 | 1842 | -0,0200200980950702 | 1,96070873823104 |
 | 1843 | 0,830746839554068 | 1,96070873823104 |
 | 1844 | -0,129877786713462 | 1,96070873823104 |
 | 1845 | 0,723094354074419 | 1,96070873823104 |
 | 1846 | -0,097718833810657 | 1,96070873823104 |
 | 1847 | -0,193606168203556 | 1,96070873823104 |
 | 1848 | -0,0582007794835869 | 1,96070873823104 |
 | 1849 | -0,00691640620100289 | 1,96070873823104 |
 | 1850 | -0,0582007794835869 | 1,96070873823104 |
 | 1851 | -0,00691640620100289 | 1,96070873823104 |
 | 1852 | -0,0582007794835869 | 1,96070873823104 |
 | 1853 | -0,00691640620100289 | 1,96070873823104 |
 | 1854 | -0,0582007794835869 | 1,96070873823104 |
 | 1855 | -0,00691640620100289 | 1,96070873823104 |
 | 1856 | -0,0582007794835869 | 1,96070873823104 |
 | 1857 | -0,00691640620100289 | 1,96070873823104 |
 | 1858 | -0,0582007794835869 | 1,96070873823104 |
 | 1859 | -0,00691640620100289 | 1,96070873823104 |
 | 1860 | -0,0582007794835869 | 1,96070873823104 |
 | 1861 | -0,00691640620100289 | 1,96070873823104 |
 | 1862 | -0,0582007794835869 | 1,96070873823104 |
 | 1863 | -0,00691640620100289 | 1,96070873823104 |
 | 1864 | -0,0582007794835869 | 1,96070873823104 |
 | 1865 | -0,00691640620100289 | 1,96070873823104 |
 | 1866 | -0,0582007794835869 | 1,96070873823104 |
 | 1867 | -0,00691640620100289 | 1,96070873823104 |
 | 1868 | -0,0582007794835869 | 1,96070873823104 |
 | 1869 | -0,00691640620100289 | 1,96070873823104 |
 | 1870 | -0,0582007794835869 | 1,96070873823104 |
 | 1871 | -0,00691640620100289 | 1,96070873823104 |
 | 1872 | -0,0582007794835869 | 1,96070873823104 |
 | 1873 | -0,00691640620100289 | 1,96070873823104 |
 | 1874 | -0,0582007794835869 | 1,96070873823104 |
 | 1875 | -0,00691640620100289 | 1,96070873823104 |
 | 1876 | -0,0582007794835869 | 1,96070873823104 |
 | 1877 | -0,00691640620100289 | 1,96070873823104 |
 | 1878 | -0,0582007794835869 | 1,96070873823104 |
 | 1879 | -0,00691640620100289 | 1,96070873823104 |
 | 1880 | -0,0582007794835869 | 1,96070873823104 |
 | 1881 | -0,00691640620100289 | 1,96070873823104 |
 | 1882 | -0,0582007794835869 | 1,96070873823104 |
 | 1883 | -0,00691640620100289 | 1,96070873823104 |
 | 1884 | -0,0582007794835869 | 1,96070873823104 |
 | 1885 | -0,00691640620100289 | 1,96070873823104 |
 | 1886 | -0,0582007794835869 | 1,96070873823104 |
 | 1887 | -0,00691640620100289 | 1,96070873823104 |
 | 1888 | -0,0582007794835869 | 1,96070873823104 |
 | 1889 | -0,00691640620100289 | 1,96070873823104 |
 | 1890 | -0,0582007794835869 | 1,96070873823104 |
 | 1891 | -0,00691640620100289 | 1,96070873823104 |
 | 1892 | -0,0582007794835869 | 1,96070873823104 |
 | 1893 | -0,00691640620100289 | 1,96070873823104 |
 | 1894 | -0,0582007794835869 | 1,96070873823104 |
 | 1895 | -0,00691640620100289 | 1,96070873823104 |
 | 1896 | -0,0582007794835869 | 1,96070873823104 |
 | 1897 | -0,00691640620100289 | 1,96070873823104 |
 | 1898 | -0,0582007794835869 | 1,96070873823104 |
 | 1899 | -0,00691640620100289 | 1,96070873823104 |
 | 1900 | -0,0582007794835869 | 1,96070873823104 |
 | 1901 | -0,00691640620100289 | 1,96070873823104 |
 | 1902 | -0,0582007794835869 | 1,96070873823104 |
 | 1903 | -0,00691640620100289 | 1,96070873823104 |
 | 1904 | -0,0582007794835869 | 1,96070873823104 |
 | 1905 | -0,00691640620100289 | 1,96070873823104 |
 | 1906 | -0,0582007794835869 | 1,96070873823104 |
 | 1907 | -0,00691640620100289 | 1,96070873823104 |
 | 1908 | -0,0582007794835869 | 1,96070873823104 |
 | 1909 | -0,00691640620100289 | 1,96070873823104 |
 | 1910 | -0,0582007794835869 | 1,96070873823104 |
 | 1911 | -0,00691640620100289 | 1,96070873823104 |
 | 1912 | -0,0582007794835869 | 1,96070873823104 |
 | 1913 | -0,00691640620100289 | 1,96070873823104 |
 | 1914 | -0,0582007794835869 | 1,96070873823104 |
 | 1915 | -0,00691640620100289 | 1,96070873823104 |
 | 1916 | -0,0582007794835869 | 1,96070873823104 |
 | 1917 | -0,00691640620100289 | 1,96070873823104 |
 | 1918 | -0,0582007794835869 | 1,96070873823104 |
 | 1919 | -0,00691640620100289 | 1,96070873823104 |
 | 1920 | -0,0582007794835869 | 1,96070873823104 |
 | 1921 | -0,00691640620100289 | 1,96070873823104 |
 | 1922 | -0,0582007794835869 | 1,96070873823104 |
 | 1923 | -0,00691640620100289 | 1,96070873823104 |
 | 1924 | -0,0582007794835869 | 1,96070873823104 |
 | 1925 | -0,00691640620100289 | 1,96070873823104 |
 | 1926 | -0,0582007794835869 | 1,96070873823104 |
 | 1927 | -0,00691640620100289 | 1,96070873823104 |
 | 1928 | -0,0582007794835869 | 1,96070873823104 |
 | 1929 | -0,00691640620100289 | 1,96070873823104 |
 | 1930 | -0,0582007794835869 | 1,96070873823104 |
 | 1931 | -0,00691640620100289 | 1,96070873823104 |
 | 1932 | -0,0582007794835869 | 1,96070873823104 |
 | 1933 | -0,00691640620100289 | 1,96070873823104 |
 | 1934 | -0,0582007794835869 | 1,96070873823104 |
 | 1935 | -0,00691640620100289 | 1,96070873823104 |
 | 1936 | -0,0582007794835869 | 1,96070873823104 |
 | 1937 | -0,00691640620100289 | 1,96070873823104 |
 | 1938 | -0,0582007794835869 | 1,96070873823104 |
 | 1939 | -0,00691640620100289 | 1,96070873823104 |
 | 1940 | -0,0582007794835869 | 1,96070873823104 |
 | 1941 | -0,00691640620100289 | 1,96070873823104 |
 | 1942 | -0,0582007794835869 | 1,96070873823104 |
 | 1943 | -0,00691640620100289 | 1,96070873823104 |
 | 1944 | -0,0582007794835869 | 1,96070873823104 |
 | 1945 | -0,00691640620100289 | 1,96070873823104 |
 | 1946 | -0,0582007794835869 | 1,96070873823104 |
 | 1947 | -0,00691640620100289 | 1,96070873823104 |
 | 1948 | -0,0582007794835869 | 1,96070873823104 |
 | 1949 | -0,00691640620100289 | 1,96070873823104 |
 | 1950 | -0,0582007794835869 | 1,96070873823104 |
 | 1951 | -0,00691640620100289 | 1,96070873823104 |
 | 1952 | -0,0582007794835869 | 1,96070873823104 |
 | 1953 | -0,00691640620100289 | 1,96070873823104 |
 | 1954 | -0,0582007794835869 | 1,96070873823104 |
 | 1955 | -0,00691640620100289 | 1,96070873823104 |
 | 1956 | -0,0582007794835869 | 1,96070873823104 |
 | 1957 | -0,00691640620100289 | 1,96070873823104 |
 | 1958 | -0,0582007794835869 | 1,96070873823104 |
 | 1959 | -0,00691640620100289 | 1,96070873823104 |
 | 1960 | -0,0582007794835869 | 1,96070873823104 |
 | 1961 | -0,00691640620100289 | 1,96070873823104 |
 | 1962 | -0,0582007794835869 | 1,96070873823104 |
 | 1963 | -0,00691640620100289 | 1,96070873823104 |
 | 1964 | -0,0582007794835869 | 1,96070873823104 |
 | 1965 | -0,00691640620100289 | 1,96070873823104 |
 | 1966 | -0,0582007794835869 | 1,96070873823104 |
 | 1967 | -0,00691640620100289 | 1,96070873823104 |
 | 1968 | -0,0582007794835869 | 1,96070873823104 |
 | 1969 | -0,00691640620100289 | 1,96070873823104 |
 | 1970 | -0,0582007794835869 | 1,96070873823104 |
 | 1971 | -0,00691640620100289 | 1,96070873823104 |
 | 1972 | -0,0582007794835869 | 1,96070873823104 |
 | 1973 | -0,00691640620100289 | 1,96070873823104 |
 | 1974 | -0,0582007794835869 | 1,96070873823104 |
 | 1975 | -0,00691640620100289 | 1,96070873823104 |
 | 1976 | -0,0582007794835869 | 1,96070873823104 |
 | 1977 | -0,00691640620100289 | 1,96070873823104 |
 | 1978 | -0,0582007794835869 | 1,96070873823104 |
 | 1979 | -0,00691640620100289 | 1,96070873823104 |
 | 1980 | -0,0582007794835869 | 1,96070873823104 |
 | 1981 | -0,00691640620100289 | 1,96070873823104 |
 | 1982 | -0,0582007794835869 | 1,96070873823104 |
 | 1983 | -0,00691640620100289 | 1,96070873823104 |
 | 1984 | -0,0582007794835869 | 1,96070873823104 |
 | 1985 | -0,00691640620100289 | 1,96070873823104 |
 | 1986 | -0,0582007794835869 | 1,96070873823104 |
 | 1987 | -0,00691640620100289 | 1,96070873823104 |
 | 1988 | -0,0582007794835869 | 1,96070873823104 |
 | 1989 | -0,00691640620100289 | 1,96070873823104 |
 | 1990 | -0,0582007794835869 | 1,96070873823104 |
 | 1991 | -0,00691640620100289 | 1,96070873823104 |
 | 1992 | -0,0582007794835869 | 1,96070873823104 |
 | 1993 | -0,00691640620100289 | 1,96070873823104 |
 | 1994 | -0,0582007794835869 | 1,96070873823104 |
 | 1995 | -0,00691640620100289 | 1,96070873823104 |
 | 1996 | -0,0582007794835869 | 1,96070873823104 |
 | 1997 | -0,00691640620100289 | 1,96070873823104 |
 | 1998 | -0,0582007794835869 | 1,96070873823104 |
 | 1999 | -0,00691640620100289 | 1,96070873823104 |
 